m   1304     10   1303      1     0.078226     0.370599    54.934204
m   1304     10   2208      1     0.078226     0.619582    54.934204
m   1304     10   2210      1     0.002454     0.009819    54.934204
m   1304   1303     10      1     0.126518     0.325198    54.934204
m   1304   1303   2208      1     0.050750     1.000000    54.934204
m   1304   1303   2210      1     0.126518     1.525577    54.934204
m   1304   2208     10      1     0.035651     1.000000    54.934204
m   1304   2208   1303      1     0.581803     0.465474    54.934204
m   1304   2208   2210      1     0.581803     1.438708    54.934204
m   1304   2210     10      1     0.835376     0.011757    54.934204
m   1304   2210   1303      1     0.289225     0.443730    54.934204
m   1304   2210   2208      1     0.835376     0.544514    54.934204
m   1305   1306   2210      1     0.471146     2.071920   162.695390
m   1305   1306   2211      1     0.471146     0.658420   162.695390
m   1305   2210   1306      1     0.607086     1.450793   162.695390
m   1305   2210   2211      1     0.135939     0.423465   162.695390
m   1305   2211   1306      1     0.243921     1.000000   162.695390
m   1305   2211   2210      1     0.384487     1.000000   162.695390
m   1307      8   1308      1     0.298949     0.134184   174.771292
m   1307      8   2211      1     0.298949     0.111025   174.771292
m   1307      8   4361      1     0.018475     0.754791   174.771292
m   1307   1308      8      1     0.090156     0.102511   174.771292
m   1307   1308   2211      1     0.127732     1.469369   174.771292
m   1307   1308   4361      1     0.127732     0.288993   174.771292
m   1307   2211      8 4
m .6792383     0.107387   174.771292
m   1307   2211   1308      1     0.511909     0.150202   174.771292
m   1307   2211   4361 4
m . 0.792383     1.586596   174.771292
m   1307   4361      8 4    1     0.0