EMME
1300 1819 .07 cbrqspk 114 2.0194 .13 31.99 192 0 192
1300 2215 .34 cbrqspk 102 3.0118 1.45 14.09 2999 0 2999
1300 4378 .09 cbrqspk 112 3.0118 .37194.52 2952 0 2952
1301 2207 1.38 cbrqspk 103 1.0 10 5.15 16.09 889 0 889
1301 3148 .25 cbrqspk 103 1.0 10 .52 28.91 287 0 287
1301 4348 .60 cbrqspk 103 1.0 10 2.88 12.49 1017 0 1017
1302 1303 .44 cbrqspk 103 1.0110 .92 28.80 301 0 301
1302 3148 .26 cbrqspk 103 1.0 10 .52 30.09 69 0 69
1303 1302 .44 cbrqspk 103 1.0 10 .91 29.09 262 0 262
1303 1304 .46 cbrqspk 103 1.0 10 .96 28.80 301 0 301
1304 1303 .46 cbrqspk 103 1.0 10 .95 29.09 262 0 262
1304 2208 .73 cbrqspk 102 1.0110 1.88 23.35 63710 637
1304 2210 .62 cbrqspk 102 2.0 14 1.19 31.29 434 0 434
1305 1306 .28 cbrqspk 102 2.0114 .68 24.56 1618 0 1618
1305 2210 .15 cbrqspk 102 2.0 14 .36 25.2119546 0 1546
1305 2211 .54 cbrqspk 104 1.0 10 1.45 22.28 678 0 678
1306 1305 .28 cbrqspk 102 2.0194 .77 21.80 1897 0 1897
1306 4360 .37 cbrqspk 102 2.0194 .91 24.45 1630 0 1630
1307 1308 .24 cbrqspk 113 2.0 14 .45 31.68 302 0 302
1307 2211 .30 cbrqspk 112 2.0114 .58 31.26 445 0 445
1307 4361 .26 cbrqspk 112 2.0114 .68 23.06 1775 0 1775
1308 1307 .24 cbrqspk 113 2.0194 .46 31.32 425 0 425
1308 4378 .26 cbrqspk 113 2.0114 .49 31.64 318 0 318
1310 2384 .20 cbrqspk 262 3.0119 .31 38.32 449 0 449
1310 3373 .10 cbrqspk 262 3.0199 .25 23.57 2030 0 2030
1311 2211 .40 cbrqspk 102 2.0114 .83 28.93 1016 0 1016
1311 3145 .31 cbrqspk 102 2.0114 .66 28.15 1151 0 1151
1311 3146 .13 cbrqspk 104 1.0 10 .30 26.26 503 0 503
1312 2211 .39 cbrqspk 114 2.0114 1.33 17.57 2287 0 2287
1312 2215 .64 cbrqspk 114 1.0110 1.30 29.47 201 0 201
1312 3120 .33 cbrqspk 114 2.0114 .66 29.83 831 0 831
1313 2214 .26 cbrqspk 112 3.0 18 .79 19.75 2416 0 2416
1313 2215 .42 cbrqspk 112 3.0 18 1.34 18.83 2508 0 2508
1314 1814 .27 cbrqspk 122 3.0 18 .65 25.00 1848 0 1848
1314 2216 .36 cbrqspk 122 3.0118 .76 28.42 1344 0 1344
1315 1816 .39 cbrqspk 124 1.0 10 2.24 10.43 1101 0 1101
1315 4403 .57 cbrqspk 104 1.0 10 3.01 11.37 1061 0 1061
1316 1317 .43 cbrqspk 122 2.0114 1.05 24.5419620 019620
1316 1815 .14 cbrqspk 124 1.0 10 .45 18.64 804 0 804
1316 2219 .371cbrqspk 122 2.0114 .79 28.15 1152 0 1152
1317 1316 .43 cbrqspk 122 2.0114 .96 26.86 1341 0 1341
1317 1318 .371cbrqspk 152 2.0114 .88 25.15 1553 0 1553
1317 13