  1304     10   1303      7 
  1304     10   2208     12 
  1304     10   2210      0 
  1304   1303     10     20 
  1304   1303   2208     84 
  1304   1303   2210    197 
  1304   2208     10     37 
  1304   2208   1303     44 
  1304   2208   2210    236 
  1304   2210     10      0 
  1304   2210   1303    211 
  1304   2210   2208    548 
  1305   1306   2210   1331 
  1305 ﭘ  2210 2211    581 
  1305 ﭘ 2210   130  2210 1140 
  1305 ﭘ 2210   2211    105 
  1305 ﭘ 2211   130  2210  483 
  1305   2211   2210    222 
  1307      8   1308     37 
  1307      8   2211     45 
  1307      8   4361     44 
  1307   1308      8     18 
  1307   1308   2211    360 
  1307   1308   4361     56 
  1307   2211      8    105 
  1307   2211   1308    153 
  1307   2211   4361   1627 
  1307   4361      8    186 
  1307   4361   1308    108 
  1307   4361   2211     49 
  1311      9   2211    204 
  1311      9   3145 ﭘ  482 
  1311      9   314  2210  261 
  1311   2211      9    404 
  1311   2211   3145    556 
  1311   2211   314  2210  215 
  1311   3145 ﭘ    9     66 
  1311   3145   2211    554 
  1311   3145   314       6 
  1311   314  2210    9     18 
  1311   314    2211    253 
  1311   314  2210 3145    132 
  1312     18  1304 1381 
  1312     18   2215     41 
  1312     18   3120      8 
  1312   2211     18     48 
  1312   2211   2215 ﭘ   15 
  1312   2211   3120    586 
  1312   2215 ﭘ   18     71 
  1312   2215   2211    298 
  1312   2215 ﭘ 3120    253 
  1312   3120     18      0 
  1312   3120   2211   1785 
  1312   3120   2215    147 
  131  2210   31   1317     60 
  131  2210   31   1815     39 
  131  2210   31   2219     61 
  131  2210 1317   1815 ﭘ  268 
  131  2210 1317   2219   1053 
  131    1815     31    118 
  131    1815 ﭘ 1317     46 
  131  2210 1815   2219     25 
  131  2210 2219   1317   1501 
  131    2219   1815    482 
  1317   131  2210 1318   1179 
  1317   131  2210 1329    193 
  1317   131    181  2210  235 
  1317   1318   131    1017 
  1317   1318   1329    279 
  1317   1318   181  2210   87 
  1317   1329   131     119 
  1317   1329   1318    277 
  1317   1329   181     838 
  1317   181    131  2210  185 
  1317   181  2210 1318     76 
  1317   181    1329    860 
  1318     37   1317     48 
  1318     37   2272      0 
  1318   1317     37     92 
  1318   1317   2272   1440 
  1318   2272     37      0 
  1318   2272   1317   1335 
  1319     36   1365 ﭘ    0 
  1319     3  2210 2272    113 
  1319     3    3075 ﭘ   39 
  1319   1365     3  2210    0 
  1319   1365 ﭘ 2272      0 
  1319   1365   3075 ﭘ  1 5 
  1319   2272     3  2210  211 
  1319   2272   1365 ﭘ   84 
  1319   2272   3075 ﭘ 1035 
  1319   3075     3      15 
  1319   3075   1365     10 
  1319   3075   2272    575 
  1321     20   2212      5 
  1321     20   3115      0 
  1321     20   3422     28 
  1321   2212     20     26 
  1321   2212   3115 ﭘ  294 
  1321   2212   3422    14  
  1321   3115     20      0 
  1321   3115   2212    414 
  1321   3115 ﭘ 3422    135 
  1321   3422     20     85 
  1321   3422   2212    122 
  1321   3422   3115 ﭘ   10 
  1323    120   1550     29 
  1323    120   1939      0 
  1323    120   2340     44 
  1323   1550    120     34 
  1323   1550   1939    173 
  1323   1550   2340     27 
  1323   1939    120      6 
  1323   1939   1550     43 
  1323   1939   2340    467 
  1323   2340    120    192 
  1323   2340   1550    209 
  1323   2340   1939   1269 
  1324     20   3117      0 
  1324     20   3121      0 
  1324     20   3189      0 
  1324   3117     20      0 
  1324   3117   3121    854 
  1324   3117   3189     39 
  1324   3121     20      0 
  1324   3121   3117   1115 
  1324   3121   3189      0 
  1324   3189     20      3 
  1324   3189   3117    197 
  1324   3189   3121      1 
  1328     32   1327     87 
  1328     32   1329      0 
  1328     32   3137     64 
  1328   1327     32    110 
  1328   1327   1329    928 
  1328   1327   3137      0 
  1328   1329     32      0 
  1328   1329   1327    678 
  1328   1329   3137     39 
  1328   3137     32    132 
  1328   3137   1327      2 
  1328   3137   1329     79 
  1329     32   1317     71 
  1329     32   1328      8 
  1329     32   1330      0 
  1329   1317     32     89 
  1329   1317   1328    679 
  1329   1317   1330    564 
  1329   1328     32      0 
  1329   1328   1317    880 
  1329   1328   1330    127 
  1329   1330     32      0 
  1329   1330   1317    284 
  1329   1330   1328     30 
  1334     20   2221     10 
  1334     20   2222      0 
  1334   2221     20     11 
  1334   2221   2222    337 
  1334   2222     20      0 
  1334   2222   2221   1025 
  1335 ﭘ 1338   3130    818 
  1335   1338   3136    107 
  1335   3130   1338   1277 
  1335 ﭘ 3130   313  2210  137 
  1335 ﭘ 3136   1338   1124 
  1335   313  2210 3130     36 
  1337      4   2218    225 
  1337      4   3128     10 
  1337      4   3133   111  
  1337   2218      42 
0 
  1337   2218   3128     89 
  1337   2218   3133    533 
  1337   3128      4      0 
  1337   3128   2218    486 
  1337   3128   3133     36 
  1337   3133      42    43 
  1337   3133   2218   1258 
  1337   3133   3128    317   18
  1338     21   1335 ﭘ  128 
  1338     21   1350      1 
  1338     21   2230     53 
  1338   1335 ﭘ   21    239 
  1338   1335 ﭘ 1350    332 
  1338   1335 ﭘ 2230   1831 
  1338   1350     21      1 
  1338   1350   1335 ﭘ  183 
  1338   1350   2230    200 
  1338   2230     21     34 
  1338   2230   1335    614 
  1338   2230   1350    1 4 
  1339     24   1340    575 
  1339     24   2231      0 
  1339     24   2459    330 
  1339   1340     24    158 
  1339   1340   2231    117   18
  1339   1340   2459    380 
  1339   2231     24      0 
  1339   2231   1340    494 
  1339   2231   2459   1830 
  1339   2459     24     87 
  1339   2459   1340    818 
  1339   2459   2231   1260 
  1341   1342   1797     30 
  1341   1342   2240    322 
  1341   1342   3165     52 
  1341   1797   1342    370 
  1341   1797   2240    245 
  1341   1797   3165 ﭘ  320 
  1341   2240   1342     78 
  1341   2240   1797     17   18
  1341   2240   3165    990 
  1341   3165   1342    338 
  1341   3165   1797    327 
  1341   3165   2240   2053 
  1342   1330   1341    293 
  1342   1330   1368    433 
  1342   1341   1330    215 
  1342   1341   1368    570 
  1342   1368   1330    149 
  1342   1368   1341    110 
  1344     11   1331     25 
  1344     11   1345 ﭘ   40 
  1344     11   1348     66 
  1344   1331     11      4 
  1344   1331   1345    634 
  1344   1331   1348    116 
  1344   1345 ﭘ   11     48 
  1344   1345 ﭘ 1331    65 ﭘ 22
  1344   1345   1348     4  
  1344   1348     11     85 
  1344   1348   1331     3  
  1344   1348   1345    371 
  1347     14   1345     47 
  1347     14   134  2210    0 
  1347     14   1353     3  
  1347   1345     14    128 
  1347   1345 ﭘ 134     188 
  1347   1345   1353    339 
  1347   134  2210   14      0 
  1347   134  2210 1345    200 
  1347   134    1353      1 
  1347   1353     14     70 
  1347   1353   1345     88 
  1347   1353   134  2210  194 
  1349     1    2220      1 
  1349     1  2210 3142     16 
  1349     1    3143     41 
  1349   2220     1      15 
  1349   2220   3142    1 5 
  1349   2220   3143     29 
  1349   3142     1  2210   13 
  1349   3142   2220    888 
  1349   3142   3143    157 
  1349   3143     1  2210   95 
  1349   3143   2220      1 
  1349   3143   3142    183 
  1350   1338   1355 ﭘ   33 
  1350   1338   2221     83 
  1350   1338   3140    380 
  1350   1355 ﭘ 1338    127 
  1350   1355   2221    228 
  1350   1355   3140      7 
  1350   2221   1338     98 
  1350   2221   1355    239 
  1350   2221   3140    177 
  1350   3140   1338    159 
  1350   3140   1355 ﭘ    6 
  1350   3140   2221    121 
  1354     13   2227      0 
  1354     13   3141      5 
  1354     135 
  13370     17 
  1354   2227     13      0 
  1354   2227   3141    120 
  1354   22275 
  13370   1679 
  1354   3141     13     10 
  1354   3141   2227    157 
  1354   3141   3170    540 
  1354   3170     13     70 
  13545 
  13370   22275   836 
  1354   3170   3141    24  
  1355 ﭘ   21   1350     10 
  1355 ﭘ   21   1357      0 
  1355 ﭘ   21   2230      7 
  1355 ﭘ 1350     21     20 
  1355   1350   1357     67 
  1355   1350   2230    191 
  1355   1357     21      0 
  1355 ﭘ 1357   1350    140 
  1355   1357   2230    236 
  1355   2230     212 
0 
  1355   2230   1350    217   18
  1355   2230   1357    449 
  135  2210   22   1360     46 
  135  2210   22   2229     38 
  135  2210   22   2230     44 
  135    1360     22    175 
  135  2210 1360   2229    145 
  135    1360   2230    307 
  135  2210 2229     22    134 
  1356   2229   1360     87 
  135    2229   2230    455 
  135  2210 2230     22    139 
  135    2230   1360    736 
  135  2210 2230   2229   1417 
  1357     21   1355 ﭘ    0 
  1357     21   1359    102 
  1357     21   2228     51 
  1357   1355 ﭘ   21      0 
  1357   1355   1359    450 
  1357   1355   2228     65 
  1357   1359     21    109 
  1357   1359   1355    362 
  1357   1359   2228    210 
  1357   2228     21     28 
  1357   2228   1355     15 
  1357   2228   1359    194 
  1358     1  2210 2228      0 
  1358     1    2235 ﭘ   19 
  1358     1    3141      5 
  1358   2228     1  2210    0 
  1358   2228   2235 ﭘ  458 
  1358   2228   3141    250 
  1358   2235     1      135
  1358   2235 ﭘ 2228    256 
  1358   2235 ﭘ 3141    436 
  1358   3141     1  2210    3 
  1358   3141   2228    255 
  1358   3141   2235     55 
  1359     15 ﭘ   22      4 
  1359     15   1357      9 
  1359     15   1386     16 
  1359     22     15      5 
  1359     22   1357     36 
  1359     22   1386     64 
  1359   1357     15     24 
  1359   1357     22     45 
  1359   1357   1386    677 
  1359   138  2210   15 ﭘ   42 
  1359   1386     22    128 
  1359   138  2210 1357    636 
  1360     23     24      4 
  1360     23   135  2210    8 
  1360     23   2232     43 
  1360     24     23     27 
  1360     24   1356    161 
  1360     24   2232    211 
  1360   135  2210   23    120 
  1360   135  2210   24      0 
  1360   135    2232    749 
  1360   2232     23    165 
  1360   2232     24     78 
  1360   2232   135  2210  458 
  1362     23   2232      6 
  1362     23   3595 ﭘ  326 
  1362   2232     23     12 
  1362   2232   3595   1562 
  1362   3595     23    228 
  1362   3595   2232   1817 
  1363     71   1364      0 
  1363     71   1797    193 
  1363     71   2240    138 
  1363   1364     71      8 
  1363   1364   1797    469 
  1363   1364   2240     56 
  1363   1797     71    106 
  1363   1797   1364    912 
  1363   1797   2240    237 
  1363   2240     71    181 
  1363   2240   1364    134 
  1363   2240   1797    145 
  1364     71   1363      0 
  1364     71   1391    180 
  1364     71   2199     22 
  1364   1363     71     28 
  1364   1363   1391    194 
  1364   1363   2199    825 
  1364   1391     71     89 
  1364   1391   1363    142 
  1364   1391   2199    343 
  1364   2199     71     19 
  1364   2199   1363    391 
  1364   2199   1391    908 
  136  2210   74   1367     12 
  136  2210   74   1369      1 
  136  2210   74   3402    227 
  136  2210 1367     74     21 
  136    1367   1369     48 
  136    1367   3402    172 
  136    1369     74      7 
  136    1369   1367    517   18
  136  2210 1369   3402    198 
  136    3402     74     24 
  136  2210 3402   1367    192 
  136    3402   1369    225 
  1368     73   1342     97 
  1368     73   1369     84 
  1368   1342     73    236 
  1368   1342   1369    767 
  1368   1369     73     66 
  1368   1369   1342    161 
  1369     74   136  2210    0 
  1369     74   1368     78 
  1369     74   3290     42 
  1369   136  2210   74      4 
  1369   136  2210 1368     70 
  1369   136    3290    200 
  1369   1368     74    119 
  1369   1368   1366    450 
  1369   1368   3290    282 
  1369   3290     74     52 
  1369   3290   136  2210  267 
  1369   3290   1368     79 
  1370   149  2210 3150      6 
  1370   149  2210 3254    623 
  1370   149  2210 3290     17 
  1370   3150   149       1 
  1370   3150   3