EMME
1300 1819 .07 cbrqspk 114 2.0194 .13 31.81 257 0 257
1300 2215 .34 cbrqspk 102 3.0118 1.33 15.36 2862 0 2862
1300 4378 .09 cbrqspk 112 3.0118 .37 14.62 2941 0 2941
1301 2207 1.38 cbrqspk 103 1.0 10 6.51 12.72 1008 0 1008
1301 3148 .25 cbrqspk 103 1.0 10 .52 29.11 260 0 260
1301 4348 .60 cbrqspk 103 1.0110 3.17 11.34 1062 0 1062
1302 1303 .44 cbrqspk 103 1.0 10 .92 28.58 327 0 327
1302 3148 .26 cbrqspk 103 1.0 10 .52 30.09 69 0 69
1303 1302 .44 cbrqspk 103 1.0 10 .91 29.05 269 0 269
1303 1304 .46 cbrqspk 103 1.0 10 .97 28.58 327 0 327
1304 1303 .46 cbrqspk 103 1.0 10 .95 29.05 269 0 269
1304 2208 .73 cbrqspk 102 1.0110 1.87 23.37 636 0 636
1304 2210 .62 cbrqspk 102 2.0114 1.19 31.22 457 0 457
1305 1306 .28 cbrqspk 102 2.0114 .68 24.73 1600 0 1600
1305 2210 .15 cbrqspk 102 2.0 14 .35 26.00 1452 0 1452
1305 2211 .54 cbrqspk 104 1.0 10 1.71 18.92 794 0 794
1306 1305 .28 cbrqspk 102 2.0 14 .77 21.75 1902 0 1902
1306 4360 .37 cbrqspk 102 2.0 14 .90 24.67 1607 0 1607
1307 1308 .24 cbrqspk 113 2.0194 .46 31.57 340 0 340
1307 2211 .30 cbrqspk 112 2.0194 .58 31.06 506 0 506
1307 4361 .26 cbrqspk 112 2.0194 .66 23.55 1725 0 1725
1308 1307 .24 cbrqspk 113 2.0114 .46 31.09 496 0 496
1308 4378 .26 cbrqspk 113 2.0114 .49 31.53 356 0 356
1310 2384 .20 cbrqspk 262 3.0119 .31 38.36 442 0 442
1310 3373 .10 cbrqspk 262 3.0 19 .26 23.33 2048 0 2048
1311 2211 .40 cbrqspk 102 2.0114 .82 29.22 961 0 961
1311 3145 .31 cbrqspk 102 2.0114 .67 27.84 1201 0 1201
1311 3146 .13 cbrqspk 104 1.0 10 .28 27.78 402 0 402
1312 2211 .39 cbrqspk 114 2.0114 1.25 18.68 2185 0 2185
1312 2215 .64 cbrqspk 114 1.0 10 1.32 29.17 250 0 250
1312 3120 .33 cbrqspk 114 2.0114 .67 29.43 917 0 917
1313 2214 .26 cbrqspk 112 3.0 18 .74 21.15 2273 0 2273
1313 2215 .42 cbrqspk 112 3.0 18 1.27 19.77 2414 0 2414
1314 1814 .27 cbrqspk 122 3.0 18 .65 24.76 1877 0 1877
1314 2216 .36 cbrqspk 122 3.0118 .82 26.42 1663 0 1663
1315 1816 .39 cbrqspk 124 1.0 10 1.76 13.30 987 0 987
1315 4403 .57 cbrqspk 104 1.0 10 2.83 12.07 1033 0 1033
1316 1317 .43 cbrqspk 122 2.0114 .99 26.0019453 0 1453
1316 1815 .14 cbrqspk 124 1.0 10 .40 20.99 724 0 724
1316 2219 .37 cbrqspk 122 2.0114 .79 28.15 1152 0 1152
1315 0 16 .43 cbrqspk 122 2.0114 .93 27.86 1198 0 1198
1315 0 18 .37 cbrqspk 152 2.0114 .88 25.24 1543 0 1543
1317 1329 .38 cbrqspk 124 1.0110 2.80 8.14 1213 0 1213
1317 1816 .18 cbrqspk 124 1.0 10 1.03 10.46 1100 0 1100
1318 1315 .37 cbrqspk 152 2.0114 .82 27.10 1309 0 1309
1318 2272 .41 cbrqspk 152 2.0114 .95 26.03 1449 0 1449
1319 1365 .44 cbrqspk 154 1.0 10 .88 29.98 95 0 95
1319 2272 .28 cbrqspk 152 2.0 14 .55 30.45 681 0 681
1319 3075 .23 cbrqspk 152 2.0114 .49 28.05 1167 0 1167
1320 2457 .08 cbrqspk 142 2.0114 .16 29.11 982 0 982
1320 3119 .08 cbrqspk 142 2.0114 .17 27.67 1227 0 1227
1321 2212 .40 cbrqspk 112 2.0114 .78 30.66 623 0 623
1321 3115 .17 cbrqspk 142 2.0 14 .32 31.46 380 0 380
1321 3422 .08 cbrqspk 144 1.0 10 .17 28.61 323 0 323
1322 2213 .33 cbrqspk 1