  1304     10   1303      8 
  1304     10   2208     12 
  1304     10   2210      0 
  1304   1303     10     16 
  1304   1303   2208    110 
  1304   1303   2210    196 
  1304   2208     10     38 
  1304   2208   1303     54 
  1304   2208   2210    258 
  1304   2210     10      0 
  1304   2210   1303    210 
  1304   2210   2208    523 
  1305   1306   2210   1220 
  1305   1306   2211    722 
  1305   2210   1306   1224 
  1305   2210   2211    108 
  1305   2211   1306    393 
  1305   2211   2210    244 
  1307      8   1308     39 
  1307      8   2211     38 
  1307      8   4361     50 
  1307   1308      8     21 
  1307   1308   2211    432 
  1307   1308   4361     65 
  1307   2211      8    106 
  1307   2211   1308    141 
  1307   2211   4361   1659 
  1307   4361      8    189 
  1307   4361   1308    149 
  1307   4361   2211     59 
  1311      9   2211    201 
  1311      9   3145    529 
  1311      9   3146    136 
  1311   2211      9    407 
  1311   2211   3145    588 
  1311   2211   3146    244 
  1311   3145      9     58 
  1311   3145   2211    499 
  1311   3145   3146     28 
  1311   3146      9     21 
  1311   3146   2211    253 
  1311   3146   3145     87 
  1312     18   2211    176 
  1312     18   2215     56 
  1312     18   3120     20 
  1312   2211     18     50 
  1312   2211   2215     54 
  1312   2211   3120    666 
  1312   2215     18     59 
  1312   2215   2211    268 
  1312   2215   3120    270 
  1312   3120     18      0 
  1312   3120   2211   1793 
  1312   3120   2215    148 
  1316     31   1317     52 
  1316     31   1815     48 
  1316     31   2219     55 
  1316   1317   1815    248 
  1316   1317   2219    968 
  1316   1815     31    107 
  1316   1815   1317    178 
  1316   1815   2219    147 
  1316   2219   1317   1243 
  1316   2219   1815    455 
  1317   1316   1318    985 
  1317   1316   1329    273 
  1317   1316   1816    216 
  1317   1318   1316    878 
  1317   1318   1329    317 
  1317   1318   1816    105 
  1317   1329   1316     99 
  1317   1329   1318    434 
  1317   1329   1816    801 
  1317   1816   1316    239 
  1317   1816   1318    144 
  1317   1816   1329    608 
  1318     37   1317     43 
  1318     37   2272      0 
  1318   1317     37     93 
  1318   1317   2272   1469 
  1318   2272     37      0 
  1318   2272   1317   1257 
  1319     36   1365      0 
  1319     36   2272    112 
  1319     36   3075     38 
  1319   1365     36      0 
  1319   1365   2272      0 
  1319   1365   307  2494 
  1319   2272     36    231 
  1319   2272   1365     80 
  1319   2272   3075   108   4  136 307      36     34 
  1319   307    1365     13 
  1319   307    2272    556 
  1321     20   2212      5 
  1321     20   3115      0 
  1321     20   3422     33 
  1321   2212     20     31 
  1321   2212   3115    317 
  1321   2212   3422    181 
  1321   3115     20      0 
  1321   3115   2212    435 
  1321   3115   3422    122 
  1321   3422     20     71 
  1321   3422   2212    160 
  1321   3422  