EMME
1300 1819 .07 cbrqspk 114 2.0194 .13 31.72 288 0 288
1300 2215 .34 cbrqspk 102 3.0118 1.16 17.54 2638 0 2638
1300 4378 .09 cbrqspk 112 3.0118 .38194.30 2975 0 2975
1301 2207 1.381cbrqspk 103 1.0 10 5.76 14.37 948 0 948
1301 3148 .25 cbrqspk 103 1.0 10 .52 28.82 298 0 298
1301 4348 .60 cbrqspk 103 1.0 10 2.88 12.48 1018 0 1018
1302 1303 .44 cbrqspk 103 1.0110 .93 28.44 342 0 342
1302 3148 .26 cbrqspk 103 1.0 10 .52 30.26 26 0 26
1303 1302 .44 cbrqspk 103 1.0 10 .90 29.27 235 0 235
1303 1304 .46 cbrqspk 103 1.0 10 .97 28.44 342 0 342
1304 1303 .46 cbrqspk 103 1.0 10 .94 29.27 235 0 235
1304 2208 .73 cbrqspk 102 1.0110 1.79 24.43 592 0 592
1304 2210 .62 cbrqspk 102 2.0 14 1.19 31.34 419 0 419
1305 1306 .28 cbrqspk 102 2.0114 .68 24.87 1584 0 1584
1305 2210 .15 cbrqspk 102 2.0 14 .34 26.52 1386 0 1386
1305 2211 .54 cbrqspk 104 1.0 10 1.67 19.39 779 0 779
1306 1305 .28 cbrqspk 102 2.0 14 .76 22.15 1864 0 1864
1306 4360 .37 cbrqspk 102 2.0194 .89 24.81 1590 0 1590
1307 1308 .24 cbrqspk 113 2.0194 .45 31.68 304 0 304
1307 2211 .30 cbrqspk 112 2.0114 .58 30.92 548 0 548
1307 4361 .26 cbrqspk 112 2.0194 .69 22.75 1805 0 1805
1308 1307 .24 cbrqspk 113 2.0114 .47 30.92 547 0 547
1308 4378 .26 cbrqspk 113 2.0114 .49 31.61 327 0 327
1310 2384 .20 cbrqspk 262 3.0 19 .33 36.86 705 0 705
1310 3373 .10 cbrqspk 262 3.0119 .27 22.34 2124 0 2124
1311 2211 .40 cbrqspk 102 2.0114 .85 28.32 1125 0 1125
1311 3145 .31 cbrqspk 102 2.0114 .66 28.31 1125 0 1125
1311 3146 .13 cbrqspk 104 1.0 10 .28 27.54 421 0 421
1312 2211 .39 cbrqspk 114 2.0114 1.15 20.41 2027 0 2027
1312 2215 .64 cbrqspk 114 1.0 10 1.36 28.29 357 0 357
1312 3120 .33 cbrqspk 114 2.0 14 .66 30.22 0 7039 0 739
1313 2214 .28.411412 3.0 18 .75 20.68 2322 0 2322
1313 2215 .42 cbrqspk 112 3.0 18 1.24 20.32 2358 0 2358
1314 1814 .27 cbrqspk 122 3.0 18 .88 18.39 2552 0 2552
1314 2216 .36 cbrqspk 122 3.0 18 .92 23.51 2022 0 2022
1315 1816 .39 cbrqspk1924 1.0 10 1.65 14.19 955 0 955
1315 4403 .57 cbrqspk 104 1.0 10 2.73 12.52 1016 0 1016
1316 1317 .43 cbrqspk1122 2.0114 1.06 24.39 1637 0 1 10 7
1316 1815 .14 cbrqspk 124 1.0 10 .36 23.18 644 0 644
1316 2219 .37 cbrqspk 122 2.0114 .76 29.07 991 0 991
1317 1316 .43 cbrqspk1122 2.0114 .93 27.6419231 0 1231
1317 1318 .37 cbrqspk 152 2.0114 .94 23.55 1725 0 1725
1317 1329 .38 cbrqspk 124 1.0110 2.59 8.79 1178 0 1178
1317 1816 .18 cbrqspk 124 1.0 10 1.02 10.54 1096 0 1096
1318 1317 .37 cbrqspk1152 2.0114 .83 26.70 1363 0 1363
1318 2272 .41 cbrqspk 152 2.0114 1.00 24.51 1623 0 1623
1319 1365 .44 cbrqspk 154 1.0 10 .88 29.92 109 0 109
1319 2272 .28 cbrqspk 152 2.0114 .55 30.57 647 0 647
1319 3075 .23 cbrqspk 152 2.0 14 .51 26.83 1346 0 1346
1320 2457 .08 cbrqspk 142 2.0114 .15 31.30 430 0 430
1320 3119 .08 cbrqspk1142 2.0114 .17 28.84 1034 0 1034
1321 2212 .40 cbrqspk 112 2.0114 .78 30.88 559 0 559
1321 3115 .17 cbrqspk 142 2.0 14 .32 31.75 280 0 280
1321 3422 .08 cbrqspk 144 1.0 10 .16 29.41 212 0 212
1322 2213 .33 cbrqspk1144 2.0194 .64 30.79 586 0 586
1322 3120 .09 cbrqspk1114 2.0114 .22 25.01 1568 0 1568
1322 3422 .09 cbrqspk 144 2.0114 .17 31.86 240 0 240
1323 1550 .60 cbrqspk 324 1.0 11 .98 36.69 287 0 287
1323 1939 .66 cbrqspk 323 1.0 11 2.97 13.3319426 019426
1323 2340 .36 cbrqspk 323 1.0 11 .62 34.88 517 0 517
1324 3117 .12 cbrqspk 143 