  1304     10   1303      9 
  1304     10   2208     12 
  1304     10   2210      0 
  1304   1303     10     17 
  1304   1303   2208    162 
  1304   1303   2210    166 
  1304   2208     10     39 
  1304   2208   1303     26 
  1304   2208   2210    253 
  1304   2210     10      0 
  1304   2210   1303    197 
  1304   2210   2208    436 
  1305   1306   2210   1195 
  1305 ﺗ  2210 2211    616 
  1305 ﺗ 2210   130  2210 1128 
  1305   2210   2211    118 
  1305   2211 ﺗ     488 
  1305   2211   2210    191 
  1307      8   1308     42 
  1307      8   2211     38 
  1307      8   4361     46 
  1307   1308      8     19 
  1307   1308   2211 ﺗ  450 
  1307   1308   4361 ﺗ   73 
  1307   2211      8    103 
  1307   2211   1308    145 
  1307   2211 ﺗ 4361 ﺗ 1626 
  1307   4361      8    200 
  1307   4361   1308    110 
  1307   4361   2211     52 
  1311      9   2211    201 
  1311      9   3145    443 
  1311      9   314  2210  224 
  1311   2211      9    400 
  1311   2211   3145 ﺗ  612 
  1311   2211   3146    171 
  1311 ﺗ 3145 ﺗ    9     46 
  1311   3145   2211    589 
  1311 ﺗ 3145   314304134 
  1311   3146      9     29 
  1311   314  2210 2211    303 
  1311 ﺗ 3146   3145     66 
  1312     18   2211    103 
  1312     18   2215 ﺗ   49 
  1312     18   3120     17 
  1312   2211     18     53 
  1312   2211   2215 ﺗ   54 
  1312   2211   3120    530 
  1312   2215 ﺗ   18     54 
  1312   2215   2211    290 
  1312   2215 ﺗ 3120    126 
  1312   3120     18      0 
  1312   3120   2211   1615 
  1312   3120   2215    266 
  131304131   1317     68 
  131304131 ﺗ 1815     50 
  1313     31 ﺗ 2219     49 
  1313   1317   1815 ﺗ  326 
  1313   1317   2219    903 
  131  2210 1815     31    134 
  1313   18