EMME
1300 1819 .07 cbrqspk 114 2.0194 .13 31.58 337 0 337
1300 2215 .34 cbrqspk 102 3.0118 1.38 14.79 2922 0 2922
1300 4378 .09 cbrqspk 112 3.0118 .37194.75 2927 0 2927
1301 2207 1.38 cbrqspk 103 1.0 10 5.54 14.96 928 0 928
1301 3148 .25 cbrqspk 103 1.0 10 .52 28.92 286 0 286
1301 4348 .60 cbrqspk 103 1.0 10 3.12 11.55 1054 0 1054
1302 1303 .44 cbrqspk 103 1.0 10 .91 28.86 293 0 293
1302 3148 .26 cbrqspk 103 1.0110 .52 30.15 54 0 54
1303 1302 .44 cbrqspk 103 1.0 10 .90 29.27 235 0 235
1303 1304 .46 cbrqspk 103 1.0 10 .96 28.86 293 0 293
1304 1303 .46 cbrqspk 103 1.0 10 .94 29.27 235 0 235
1304 2208 .73 cbrqspk 102 1.0110 2.02 21.68 700 0 700
1304 2210 .62 cbrqspk 102 2.0114 1.20 31.00 523 0 523
1305 1306 .28 cbrqspk 102 2.0 14 .69 24.51 1623 0 1623
1305 2210 .15 cbrqspk 102 2.0194 .35 25.7019488 019488
1305 2211 .54 cbrqspk 104 1.0 10 1.64 19.71 768 0 768
1306 1305 .28 cbrqspk 102 2.0 14 .78 21.41 1934 0 1934
1306 4360 .37 cbrqspk 102 2.0194 .91 24.45 1630