  1304     10   1303      9 
  1304     10   2208     10 
  1304     10   2210      0 
  1304   1303     10     18 
  1304   1303   2208     67 
  1304   1303   2210    206 
  1304   2208     10     35 
  1304   2208   1303     29 
  1304   2208   2210    316 
  1304   2210     10      0 
  1304   2210   1303    198 
  1304   2210   2208    630 
  1305   1306   2210   1302 
  1305   1306   2211    655 
  1305   2210   1306   1235 
  1305   2210   2211    110 
  1305   2211   1306    413 
  1305   2211   2210    213 
  1307      8   1308     38 
  1307      8   2211     43 
  1307      8   4361     42 
  1307   1308      8     18 
  1307   1308   2211    343 
  1307   1308   4361     61 
  1307   2211      8    127 
  1307   2211   1308    132 
  1307   2211   4361   1744 
  1307   4361      8    154 
  1307   4361   1308    140 
  1307   4361   2211     48 
  1311      9   2211    211 
  1311      11  3145    489 
  1311      11  3146     84 
  1311   2211      1    393 
  1311   2211   3145    604 
  1311   2211   3146    175 
  1311   3145      11    65 
  1311   3145   2211    620 
  1311   3145   3146      0 
  1311   3146      1     30 
  1311   3146   2211    275 
  1311   3146   3145     53 
  1312     18   2211    124 
  1312     18   2215     62 
  1312     18   3120     14 
  1312   2211     18     46 
  1312   2211   2215     18 
  1312   2211   3120    649 
  1312   2215     18     49 
  1312   2215   2211    280 
  1312   2215   3120     84 
  1312   3120     18      0 
  1312   3120   2211   1805 
  1312   3120   2215    174 
  1316     31   1317     54 
  1316     31   1815     51 
  1316     31   22111    57 
  1316   1317   1815    237 
  1316   1317   22111  1032 
  1316   1815     31    129 
  1316   1815   1317     63 
  1316   1815   22111    44 
  1316   2211   1317   1619 
  1316   2211   1815    543 
  1317   1316   1318   1161 
  1317   1316   1329    459 
  1317   1316   1816    117 
  1317   1318   1316    664 
  1317   1318   1329    453 
  1317   1318   1816     92 
  1317   1329   1316    109 
  1317   13211  1318    324 
  1317   13211  1816    834 
  1317   1816   1316    497 
  1317   1816   1318     99 
  1317   1816   13211   401 
  1318     37   1317     37 
  1318     37   2272      0 
  1318   1317     37     87 
  1318   1317   2272   1496 
  1318   2272     37     