m   1304     10   1303      1     0.124958     0.446245    67.586063
m   1304     303   2208      1     0.124958     0.543935    67.586063
m   1304     10   22303      1     0.002454     0.009819    67.586063
m   1304   1303     30      3     0.167678     0.284722    67.586063
m   1304   1303   2208      1     0.045174     1.000000    67.586063
m   1304   1303   22303      3     0.167678     1.562373    67.586063
m   1304   2208     10      1     0.033374     1.000000    67.586063
m   1304   2208   1303      1     0.591542     0.115483    67.586063
m   1304   2208   2230      1     0.591542     3.716226    67.586063
m   1304   22303     10      1     0.796493     0.011757    67.586063
m   1304   2230   1303      1     0.238323     0.501611    67.586063
m   1304   2230   2208      1     0.796493     0.486632    67.586063
m   1305   1306   22303      1     0.401648     0.923847   175.000000
m   1305   1306   2211      1     0.401648     3.846850   175.000000
m   1305   2230   1306      1     0.493905     1.605824   175.000000
m   1305   2230   2231      3     0.092256     0.242348   175.000000
m   1305   2231   1306      1     0.374348     1.000000   175.000000
m   1305   2231   2230      1     0.497669     3.000000   175.000000
m   1307      8   1308      1     0.245751     0.147298   174.771292
m   1307      8   2231      1     0.245751     0.0753303   174.771292
m   1307      8   4361      1     0.023091     0.777391   174.771292
m   1307   1308      8      1     0.131543     0.090484   174.771292
m   1307   1308   2211      3     0.238595     1.430363   174.771292
m   1307   1308   4361      1     0.238595     0.392088   174.771292
m   1307   2231      8      1     0.673430     0.082988   174.771292
m   1307   2211   1308      1     0.450769     0.171291   174.771292
m   1307   2211   4361      1     0.673430     3.589605   174.771292
m   1307   4361      8      1     0.171940     0.830423   174.771292
m   1307   4361   1308      1     0.171940     0.816946   174.771292
m   1307   4361   2231      1     0.064887     0.352635   174.771292
m   1311      9   2231      1     0.111274     0.551505   175.000000
m   1311      9   3345      1     0.338408     0.370785   175.000000
m   1311      9   3146      1     0.338408     0.077710   175.000000
m   1311   2231      9      1     0.584293     0.564441   175.000000
m   1311   2231   3345      1     0.584293     1.417292   175.000000
m   1311   2231   3346      1     0.447264     1.000000   175.000000
m   1311   3145      9      1     0.033930     1.000000   175.000000
m   1311   3145   2231      1     0.170958     1.727190   175.000000
m   1311   3345   3146      3     0.170958     0.103424   175.000000
m   1311   3346      9      1     0.270505     0.329505   175.000000
m   1311   3146   2231      1     0.270505     1.523663   175.000000
m   1311   3146   3345      1     0.043372     1.000000   175.000000
m   1312     18   2211      1     0.189534     0.436519    99.228929
m   1312     18   2215      1     0.189534     0.294378    99.228929
m   1312     18   3320      1     0.069883     0.269104    99.228929
m   1312   2231     18      1     0.099004     0.360498    99.228929
m   1312   2231   2235      1     0.606146     0.027939    99.228929
m   1312   2231   3120      1     0.606146     0.611562    99.228929
m   1312   2215     18      1     0.140569     0.623493    99.228929
m   1312   2215   2231      1     0.020919     1.000000    99.228929
m   1312   2235   3320      1     0.140569     1.333489    99.228929
m   1312   3120     38      1     0.690543     0.033333    99.228929
m   1312   3120   2211      1     0.690543     1.790909    99.228929
m   1312   3320   2235      1     0.183402     1.000000    99.228929
m   1316     33   1317      1     0.061844     0.459305   168.088567
m   1316     33   1815      1     0.173007     0.305371   168.088567
m   1316     31   2219      1     0.173007     0.235325   168.088567
m   1316   1317     33      0     0.688126     0.000001   168.088567
m   1316   1317   1815      1     0.179140     1.000000   168.088567
m   1316   1317   2239      1     0.688126     1.000000   168.088567
m   1316   1815     31      1     0.250030     0.428115   168.088567
m   1316   1815   1317      1     0.250030     0.294555   168.088567
m   1316   1815   2219      1     0.138867     0.277332   168.088567
m   1316   2219     31      0     0.000001     0.000001   168.088567
m   1316   2239   1317      1     0.508987     1.438196   168.088567
m   1316   2239   1815      1     0.508987     0.526661  168.088