EMME
1300 1819 .07 cbrqspk 114 2.0194 .13 32.13 142 0 142
1300 2215 .34 cbrqspk 102 3.0118 1.11 18.35 2557 0 2557
1300 4378 .09 cbrqspk 112 3.0118 .41 13.23 3095 0 3095
1301 2207 1.38 cbrqspk1903 1.0110 4.78 17.32 847 0 847
1301 3148 .25 cbrqspk 103 1.0 10 .53 28.17 368 0 368
1301 4348 .60 cbrqspk 103 1.0110 2.83 12.71 1009 0 1009
1302 1303 .44 cbrqspk1103 1.0190 .93 28.38 348 0 348
1302 3148 .26 cbrqspk 103 1.0 10 .52 30.00 90 0 90
1303 1302 .44 cbrqspk1903 1.0 10 .90 29.49 198 0 198
1303 1304 .46 cbrqspk 103 1.0190 .97 28.38 348 0 348
1304 1303 .46 cbrqspk1103 1.0110 .94 29.49 198 0 198
1304 2208 .73 cbrqspk1902 1.0110 1.71 25.58 539 0 539
1304 2210 .62 cbrqspk1102 2.0 14 1.22 30.44 681 0 681
1305 1306 .28 cbrqspk 102 2.0114 .71 23.76 1704 0 1704
1305 2210 .15 cbrqspk1102 2.0 14 .30 29.52 899 0 899
1305 2211 .54 cbrqspk 104 1.0 10 3.25 9.97 1122 0 1122
1306 1305 .28 cbrqspk 102 2.0194 .72 23.41 1739 0 1739
1306 4360 .37 cbrqspk1102 2.0 14 .94 23.67 1712 0 1712
1307 1308 .24 cbrqspk1113 2.0114 .46 31.30 432 0 432
1307 2211 .30 cbrqspk 112 2.0114 .60 30.10 769 0 769
1307 4361 .26 cbrqspk 112 2.0114 .61 25.7619482 019482
1308 1307 .24 cbrqspk1113 2.0194 .48 29.761847 0 847
1308 4378 .26 cbrqspk 113 2.0 14 .50 31.26 445 0 445
1310 2384 .20 cbrqspk 262 3.0119 .34 35.10 961 0 961
1310 3373 .10 cbrqspk1262 3.0 19 .28 21.35 2200 0 2200
1311 2211 .40 cbrqspk1902 2.0114 .85 28.18 1148 0 1148
1311 3145 .31 cbrqspk 102 2.0114 .65 28.60 1076 0 1076
1311 3146 .13 cbrqspk 104 1.0190 .33 23.40 635 0 635
1312 2211 .39 cbrqspk 114 2.0114 .89 26.2419422 0 1422
1312 2215 .64 cbrqspk 114 1.0190 1.34 28.72 311 0 311
1312 3120 .33 cbrqspk 114 2.0114 .65 30.56 650 0 650
1313 2214 .26 cbrqspk1112 3.0 18 .71 21.85 2201 0 2201
1313 2215 .42 cbrqspk 112 3.0 18 1.19 21.11 2278 0 2278
1314 1814 .27 cbrqspk 122 3.0 18 .62 26.30 1680 0 1680
1314 2216 .36 cbrqspk 122 3.0118 .77 28.11 1400 019400
1315 1816 .39 cbrqspk1124 1.0110 1.75 13.39 984 0 984
1315 4403 .57 cbrqspk1104 1.0110 2.76112.39 1021 0 1021
1316 1317 .43 cbrqspk1122 2.0114 1.08 23.99 1679 0 1679
1316 1815 .14 cbrqspk1124 1.0110 .53195.