  1304     10   1303      9 
  1304     10   2208     12 
  1304     10   2210      0 
  1304   1303     10     37 
  1304   1303   2208     70 
  1304   1303   2210    242 
  1304   2208     10     34 
  1304   2208   1303     15 
  1304   2208   2210    447 
  1304   2210     10      0 
  1304   2210   1303    174 
  1304   2210   2208    457 
  1305   1306   2210    65ﺯ5     1306   2211   1089 
  1305   2210   1306   1086 
  1305   2210   2211     42 
  1305   2211   1306    650 
  1305   2211   2210    244 
  1307      8   1308     39 
  1307      8   2211     24 
  1307      8   4361     54 
  1307   1308      8     23 
  1307   1308   2211    711 
  1307   1308   4361    125 
  1307   2211      8     45 
  1307   2211   1308    151 
  1307   2211   4361   1214 
  1307   4361      8    258 
  1307   4361   1308    25ﺯ 
  1307   4361   2211     43 
  1311      9   2211    116 
  1311      9   3145    246 
  1311      9   3146     55 
  1311   2211      9    260 
  1311   2211   3145    731 
  1311   2211   3146    544 
  1311   3145      9     85 
  1311   3145   2211    510 
  1311   3145   3146     5ﺯ 
  1311   3146      9     61 
  1311   3146   2211    475 
  1311   3146   3145     91 
  1312     18   2211     95 
  1312     18   2215     51 
  1312     18   3120     2ﺯ5 1312   2211     18     53 
  1312   2211   2215      8 
  1312   2211   3120    496 
  1312   2215     18     81 
  1312   2215   2211     23 
  1312   2215   3120    136 
  1312   3120     18      0 
  1312   3120   2211   1267 
  1312   3120   2215    258 
  1316     31   1317     51 
  1316     31   1815     60 
  1316     31   2219     53 
  1316   1317   1815    341 
  1316   1317   2219    946 
  1316   1815     31    137 
  1316   1815   1317     88 
  1316   1815   2219    107 
  1316   2219   1317   1443 
  1316   2219   1815    511 
  1317   1316   1318   1199 
  1317   1316   1329    139 
  1317   1316   1816    244 
  1317   1318   1316    925 
  1317   1318   1329    375 
  1317   1318   1816    101 
  1317   1329   1316    143 
  1317   1329   1318    423 
  1317   1329   1816    751 
  1317   1816   1316    218 
  1317   1816   1318    149 
  1317   1816   1329    620 
  1318     37   1317     47 
  1318     37   2272      0 
  1318   1317     37     84 
  1318   1317   2272   1687 
  1318   2272     37      0 
  1318   2272   1317   1354 
  1319     36   1365      0 
  1319     36   2272    101 
  1319     36   3075     43 
  1319   1365     36      0 
  1319   1365   2272      0 
  1319   1365   3075     70 
  1319   2272     36    25ﺯ 
  1319   2272   1365    108 
  1319   2272   3075   1171 
  1319   3075     36     27 
  1319   3075   1365     22 
  1319   3075   2272    914 
  1321     20   2212      6 
  1321     20   3115      0 
  1321     20   3422     25 
  1321   2212     20     24 
  1321   2212   3115    283 
  1321   2212   3422    153 
  1321   3115     20      0 
  1321   3115   2212    304 
  1321   3115   3422     83 
  1321   3422     20     76 
  1321   3422   2212    193 
  1321   3422   3115      9 
  1323    120   1550     38 
  1323    120   1939      0 
  1323    120   2340     38 
  1323   1550    120     75 
  1323   1550   1939      0 
  1323   1550   2340     57 
  1323   1939    120     26 
  1323   1939   1550     31 
  1323   1939   2340    371 
  1323   2340    120    139 
  1323   2340   1550    290 
  1323   2340   1939   1396 
  1324     20   3117      0 
  1324     20   3121      0 
  1324     20   3189      0 
  1324   3117     20      0 
  1324   3117   3121    795 
  1324   3117   3189      0 
  1324   3121     20      0 
  1324   3121   3117   1210 
  1324   3121   3189      0 
  1324   3189     20      0 
  1324   3189   3117    118 
  1324   3189   3121      0 
  1328     32   1327     86 
  1328     32   1329      0 
  1328     32   3137     66 
  1328   1327     32    117 
  1328   1327   1329    873 
  1328   1327   3137      0 
  1328   1329     32      0 
  1328   1329   1327    508 
  1328   1329   3137     64 
  1328   3137     32    103 
  1328   3137   1327      2 
  1328   3137   1329    151 
  1329     32   1317     7ﺯ5 1329     32   1328      5 
  1329     32   1330      0 
  1329   1317     32     93 
  1329   1317   1328    504 
  1329   1317   1330    537 
  1329   1328     32      0 
  1329   1328   1317    893 
  1329   1328   1330    131 
  1329   1330     32      0 
  1329   1330   1317    35ﺯ 
  1329   1330   1328     63 
  1334     20   2221      6 
  1334     20   2222      0 
  1334   2221     20     11 
  1334   2221   2222    45ﺯ 
  1334   2222     20      0 
  1334   2222   2221    966 
  1335   1338   3130    799 
  1335   1338   3136    207 
  1335   3130   1338   1485 
  1335   3130   3136    103 
  1335   3136   1338    699 
  1335   3136   3130    186 
  1337      4   2218    231 
  1337      4   3128     1    
  1337      4   3133   1059 
  1337   2218      4     36 
  1337   2218   3128     85 
  1337   2218   3133    745 
  1337   3128      4      0 
  1337   3128   2218    297 
  1337   3128   3133     97 
  1337   3133      4     21 
  1337   3133   2218    939 
  1337   3133   3128     88 
  1338     21   1335     90 
  1338     21   1350      2 
  1338     21   2230     74 
  1338   1335     21    224 
  1338   1335   1350    621 
  1338   1335   2230   1339 
  1338   1350     21     12 
  1338   1350   1335    269 
  1338   1350   2230    134 
  1338   2230     21     14 
  1338   2230   1335    647 
  1338   2230   1350    165 
  1339     24   1340    583 
  1339     24   2231      0 
  1339     24   2459    332 
  1339   1340     24    148 
  1339   1340   2231     4ﺯ5 1339   1340   2459    450 
  1339   2231     24      0 
  1339   2231   1340    163 
  1339   2231   2459   1451 
  1339   2459     24    100 
  1339   2459   1340   1135 
  1339   2459   2231   1569 
  1341   1342   1797     6ﺯ5 1341   1342   2240    304 
  1341   1342   3165     76 
  1341   1797   1342    366 
  1341   1797   2240    260 
  1341   1797   3165    353 
  1341   2240   1342     58 
  1341   2240   1797     33 
  1341   2240   3165    93ﺯ5 1341   3165   1342    195 
  1341   3165   1797    246 
  1341   3165   2240   1734 
  1342   1330   1341    285 
  1342   1330   1368    421 
  1342   1341   1330    294 
  1342   1341   1368    325 
  1342   1368   1330    181 
  1342   1368   1341    157 
  1344     11   1331     25 
  1344     11   1345     26 
  1344     11   1348     65 
  1344   1331     11      4 
  1344   1331   1345    560 
  1344   1331   1348    143 
  1344   1345     11     44 
  1344   1345   1331    592 
  1344   1345   1348     49 
  1344   1348     11     81 
  1344   1348   1331     34 
  1344   1348   1345    397 
  134101 14   1345     54 
  134101 14   1346      0 
  134101 14   1353     28 
  1347   1345     14     97 
  1347   1345   1346    124 
  1347   1345   1353    509 
  1347   1346     14      0 
  1347   1346   1345    196 
  1347   1346   1353      8 
  1347   1353     14     74 
  1341   1353   1345    243 
  1347   1353   1346    322 
  1349     16   2220      1 
  1349     16   3142      9 
  1349     16   3143     43 
  1349   2220     16      5 
  1349   2220   3142    113 
  1349   2220   3143     32 
  1349   3142     16     10 
  1349   3142   2220    851 
  1349   3142   3143     49 
  1349   3143     16     8ﺯ5 1349   3143   2220      ﺯ5 1349   3143   3142    170 
  1350   1338   1355     59 
  1350   1338   2221    135 
  1350   1338   3140    593 
  1350   1355   1338    186 
  1350   1355   2221    207 
  1350   1355   3140     19 
  1350   2221   1338     60 
  1350   2221   1355    346 
  1350   2221   3140     74 
  1350   3140   1338    169 
  1350   3140   1355     21 
  1350   3140   2221    181 
  1354     13   2227      0 
  1354     13   3141      4 
  1354     13   3170     19 
  1354   222101 13      0 
  1354   2221   3141     62 
  1354   2227   3170   1721 
  1354   3141     13      6 
  1354   3141   2227     27 
  1354   3141   3170    239 
  1354   3170     13     76 
  1354   3170   2227   1001 
  1354   3170   3141    344 
  1355     21   1350     14 
  1355     21   1357      0 
  1355     21   2230      7 
  1355   1350     21     24 
  1355   1350   1357    339 
  1355   1350   2230     63 
  1355   1357     21      0 
  1355   1357   1350    36ﺯ5 1355   1357   2230     98 
  1355   2230     21     60 
  1355   2230   1350     36 
  1355   2230   1357    431 
  1356     22   1360     34 
  1356     22   2229     57 
  1356     22   2230     49 
  1356   1360     22    157 
  1356   1360   2229    422 
  1356   1360   2230    338 
  1356   2229     22    136 
  1356   2229   1360     87 
  1356   2229   2230    460 
  1356   2230     22    138 
  1356   2230   1360    786 
  1356   2230   2229    739 
  1357     21   1355      0 
  1357     21   1359     68 
  1357     21   2228     45 
  1357   1355     21      0 
  1357   1355   1359    716 
  1357   1355   2228     54 
  1357   1359     21    10ﺯ5 1357   1359   1355    395 
  1357   1359   2228    201 
  1357   2228     21     23 
  1357   2228   1355     65 
  1357   2228   1359     73 
  1358     16   2228      0 
  1358     16   2235     14 
  1358     16   3141      8 
  1358   2228     16      0 
  1358   2228   2235    667 
  1358   2228   3141    138 
  1358   2235     16     10 
  1358   2235   2228    30ﺯ 
  1358   2235   3141    103 
  1358   3141     16     1ﺯ5 1358   3141   2228    196 
  1358   3141   2235    144 
  1359     15     22      5 
  1359     15   1357      9 
  1359     15   1386     10 
  1359     22     15      7 
  1359     22   1357     36 
  1359     2ﺯ   1386     37 
  1359   1357     15     34 
  1359   1357     22     57 
  1359   1357   1386    766 
  1359   1386     15     32 
  1359   1386     2ﺯ    118 
  1359   1386   1357    653 
  1360     23     24      4 
  1360     23   1356      4 
  1360     23   2232     36 
  1360     24     23     24 
  1360     24   1356    106 
  1360     24   2232    17ﺯ5 1360   1356     23    185 
  1360   1356     24      0 
  1360   1356   2232    72ﺯ5 1360   2232     23    113 
  1360   2232     24     36 
  1360   2232   1356    807 
  1362     23   2232     18 
  1362     23   3595    268 
  1362   2232     23     34 
  1362   2232   3595   1749 
  1362   3595     23    190 
  1362   3595   2232   1371 
  1363     71   1364      0 
  1363     71   1797    146 
  1363     71   2240    106 
  1363   1364     71      0 
  1363   1364   1797    418 
  1363   1364   2240     18 
  1363   1797     71    125 
  1363   1797   1364    781 
  1363   1797   2240    212 
  1363   2240     71    206 
  1363   2240   1364     70 
  1363   2240   1797     32 
  1364     71   1363      0 
  1364     71   1391    18ﺯ5 1364     71   2199     24 
  1364   1363     71     26 
  1364   1363   1391    203 
  1364   1363   2199    622 
  1364   1391     71     85 
  1364   1391   1363     31 
  1364   1391   2199    467 
  1364   2199     71      7 
  1364   2199   1363    404 
  1364   2199   1391    860 
  1366     74   136101 13 
  1366     74   1369      0 
  1366     74   340ﺯ    214 
  1366   1367     74     24 
  1366   1367   1369     50 
  1366   1367   3402    281 
  1366   1369     74      4 
  1366   1369   1367    470 
  1366   1369   3402    151 
  1366   3402     74     27 
  1366   3402   1367    363 
  1366   3402   1369    440 
  1368     73   1342    117 
  1368     73   1369     63 
  1368   1342     73    263 
  1368   1342   1369    48ﺯ5 1368   1369     73     62 
  1368   1369   1342    221 
  1369     74   1366      0 
  1369     74   1368     7ﺯ5 1369     74   3290     33 
  1369   1366     74      1 
  1369   1366   1368     91 
  1369   1366   3290    397 
  1369   1368     74    130 
  1369   1368