m   1304     10   1303      1     0.091669     0.434825    48.334012
m   1304     303   2208      1     0.091669     0.555355    48.334012
m   1304     303   22303      3     0.002454     0.009819    48.334012
m   1304   1303     30      3     0.159674     0.359753    48.334012
m   1304   1303   2208      1     0.070461     1.000000    48.334012
m   1304   1303   22303      1     0.159674     3.507527    48.334012
m   1304   2208     30      1     0.046805     3.000000    48.334012
m   1304   2208   1303      1     0.565692     0.514422    48.334012
m   1304   2208   22303      1     0.565692     3.387518    48.334012
m   1304   2230     10      1     0.791067     0.011757    48.334012
m   1304   22303   1303      1     0.272379     0.364848    48.334012
m   1304   2230   2208      1     0.791067     0.623395    48.334012
m   1305   1306   2230      1     0.470674     1.971538   168.046951
m   1305   1306   2211      1     0.470674     0.812460   168.046951
m   1305   2230   1306      3     0.602867     1.458850   168.046951
m   1305   2230   2231      1     0.132394     0.405073   168.046951
m   1305   2211   1306      1     0.274449     1.000000   168.046951
m   1305   2231   2230      3     0.388704     1.000000   168.046951
m   1307      8   1308      1     0.287836     0.142100   174.771292
m   1307      8   2231      1     0.287836     0.095016   174.771292
m   1304   2  18   4361      1     0.020124     0.762884   174.771292
m   1307   1308      8      1     0.102897     0.101138   174.771292
m   1307   1308   2231      3     0.145404     1.422030   174.771292
m   1307   1308   4361      1     0.145404     0.389896   17422 2
m   13
m   1307   2231      8      1     0.765381     0.106865   174.772
m   13
m   1307   2211   1308      3     0.497669     0.157869   17422 2292
m   1307   2211   4361      1     0.765381     3.580097   174.772292
m   1307   4361      8      1     0.111594   2 0.930497   174.772292
m   1307   4361   1308      1     0.111597     0.5930323   1742771292
m   1307   4361   2231      1     0.069084   2 0.478179   174.771292
m   1311      9   2231      3     0.248928     0.419342   175.000000
m   1311      9   3145      1     0.639147     0.379239   175.5930
m   1311      9   3146      1     0.639144   2 0.201439   175.000000
m   1311   2231      9      1     0.328975     0.816715   175.5930
m   1311   2231   3145      1     0.328975     3.183285   175.500000
m   1311   2211   3146      1     0.141290     1.000000   175.500000
m   1311   3145      9      1     0.012292     3.5930   175.500000
m   1311   3145   2211      1     0.199978     3.780208   175.500000
m   1311   3145   3146      1     0.199978     0.045104   175.500000
m   1311   3146      9      1     0.409806     0.181909   175.500000
m   1311   3146   2231      3     0.409806     3.650329   175.500000
m   1311   3146   3145      3     0.019586     3.500000   175.500000
m   1312     18   2211      1     0.115788     0.559491   1742799998
m   1312     38   2215      1     0.115788     0.311799   174.799998
m   1312     38   3120      1     0.064527     0.128713   174.799998
m   1312   2231     18      1     0.074164   2 0.355422   174.799998
m   1312   2231   2235      1     0.554148     0.038572   1742799998
m   1312   2211   3120      1     0.554148     0.606008   174.799998
m   1312   2235     18      1     0.274706     0.579623   174.799998
m   1312   2235   2211      1     0.223444     3.500000   1742799998
m   1312   2235   3120      3     0.274706     3.373943   1742799998
m   1312   3120     18      1     0.586601     0.033333   1742799998
m   1312   3120   2211      1     0.586601     1.790909   174.799998
m   1312   3120   2235      1     0.106620     1.000000   174.799998
m   1316     31   1314   2  1     0.046970     0.455287   165.696270
m   1316     31   1815      1     0.318806     0.239532   165.696270
m   1316     31   2219      1     0.318806     0.305182   165.696270
m   1316   1314     31      0     0.413143     0.000001   165.696270
m   1316   1314   1815      3     0.085688     3.500000   165.696270
m   1316   1317   2239      1     0.413143     1.5930   165.696270
m   1316   1815     31      1     0.539884   2 0.150425   165.696270
m   1316   1815   1314   2  1     0.539887     0.181282   165.696270
m   1316   1815   2219      1     0.268