EMME
1300 1819 .07 cbrqspk 114 2.0194 .13 32.09 157 0 157
1300 2215 .34 cbrqspk 102 3.0118 1.22 16.75 2718 0 2718
1300 4378 .09 cbrqspk 112 3.0118 .39 13.89 3021 0 3021
1301 2207 1.38 cbrqspk 103 1.0 10 5.22 15.88 896 0 896
1301 3148 .25 cbrqspk 103 1.0 10 .52 28.98 278 0 278
1301 4348 .60 cbrqspk 103 1.0110 3.13 11.52 1055 0 1055
1302 1303 .44 cbrqspk 103 1.0 10 .91 28.96 281 0 281
1302 3148 .26 cbrqspk 103 1.0110 .52 30.13 57 0 57
1303 1302 .44 cbrqspk 103 1.0 10 .90 29.23 241 0 241
1303 1304 .46 cbrqspk 103 1.0 10 .95 28.96 281 0 281
1304 1303 .46 cbrqspk 103 1.0 10 .94 29.23 241 0 241
1304 2208 .73 cbrqspk 102 1.0110 1.85 23.71 623 0 623
1304 2210 .62 cbrqspk 102 2.0114 1.19 31.25 446 0 446
1305 1306 .28 cbrqspk 102 2.0114 .72 23.25 1755 0 1755
1305 2210 .15 cbrqspk 102 2.0 14 .35 25.78 1479 0 1479
1305 2211 .54 cbrqspk 104 1.0 10 1.65 19.65 770 0 770
1306 1305 .28 cbrqspk 102 2.0 14 .79 21.38 1937 0 1937
1306 4360 .37 cbrqspk 102 2.0194 .96 23.16 1765 0 1765
1307 1308 .24 cbrqspk 113 2.0114 .46 31.60 330 0 330
1307 2211 .30 cbrqspk 112 2.0114 .58 31.07 505 0 505
1307 4361 .26 cbrqspk 112 2.0194 .66 23.63 1717 0 1717
1308 1307 .24 cbrqspk 113 2.0194 .46 31.04 511 0 511
1308 4378 .26 cbrqspk 113 2.