  1304     10   1303      9 
  1304     10   2208     12 
  1304     10   2210      0 
  1304   1303     10     23 
  1304   1303   2208     82 
  1304   1303   2210    176 
  1304   2208     10     43 
  1304   2208   1303     59 
  1304   2208   2210    272 
  1304   2210     10      0 
  1304   2210   130ﻋ1373 
  1304   2210   2208    534 
  1305   1306   2210   1274 
  1305   1306   2211    663 
  1305   2210   1306   1169 
  1305   2210   2211    117 
  1305   2211   1306    599 
  1305   2211   2210    197 
  1307      8   1308     42 
  1307      8   2211     35 
  1307      8   4361     48 
  1307   1308      8     20 
  1307   1308   2211    408 
  1307   1308   4361     87 
  1307   2211      8    106 
  1307   2211   1308    165 
  1307   2211   4361   1588 
  1307   4361      8    191 
  1307   4361   1308    127 
  1307   4361   2211     65 
  1311      9   2211    215 
  1311      9   3145    437 
  1311      9   3146    209 
  1311   2211      9    392 
  1311   2211   3145    656 
  1311   2211   3146    193 
  1311   3145      9     16 
  1311   3145   2211    553 
  1311   3145   3146      5 
  1311   3146      9     39 
  1311   3146   2211    244 
  1311   3146   3145     90 
  1312     18   2211    120 
  1312     18   2215     64 
  1312     18   3120     16 
  1312   2211     18     53 
  1312   2211   2215     32 
  1312   2211   3120    649 
  1312   2215     18     66 
  1312   2215   2211    311 
  1312   2215   3120    124 
  1312   3120     18      0 
  1312   3120   2211   1897 
  1312   3120   2215    185 
  1316     31   1317     44 
  1316     31   1815     47 
  1316     31   2219     63 
  1316   1317   1815    173 
  1316   1317   2219    781 
  1316   1815     31    106 
  1316   1815   1317   1376 
  1316   1815   2219    310 
  1316   2219   1317    767 
  1316   2219   1815    558 
  1317   1316   1318    817 
  1317   1316   1329    113 
  1317   1316   1816     57 
  1317   1318   1316    763 
  1317   1318   1329    323 
  1317   1318   1816    147 
  1317   1329   1316     30 
  1317   1329   1318    489 
  1317   1329   1816    888 
  1317   1816   1316    161 
  1317   1816   1318    134 
  1317   1816   1329    715 
  1318     37   1317   1 42 
  1318     37   2272      0 
  1318   1317     37   1 91 
  1318   1317   2272   1350 
  1318   2272     37   1  0 
  1318   2272   1317   1191 
  1319     36   1365      0 
  1319     36   2272    109 
  1319     36   3075     59 
  1319   1365     36      0 
  1319   1365   2272      1 
  1319   1365   3075    189 
  1319   2272     36    217 
  1319   2272   1365     88 
  1319   2272   3075    966 
  1319   3075     36     14 
  1319   3075   1365      8 
  1319   3075   2272    533 
  1321     20   2212      6 
  1321     20   3115      0 
  1321     20   3422     35 
  1321   2212     20     27 
  1321   2212   3115    263 
  1321   2212   3422    209 
  1321   3115     20      0 
  1321   3115   2212    446 
  1321   3115   3422    130 
  1321   3422     20     61 
  1321   3422   2212     93 
  1321   3422   3115     27 
  132ﻋ19 
 13550     27 
  132ﻋ    120   1939      1 
  132ﻋ1920   2340     43 
  132ﻋ   1550    120     48 
  1323   1550   1939     47 
  132ﻋ   1550   2340     40 
  132