m   1304     10   1303      1     0.075209     0.444263    59.276005
m   1304     10   2208      1     0.075209     0.545917    59.276005
m   1304     10   2210      1     0.002454     0.009819    59.276005
m   1304   1303     10      1     0.128887     0.237070    59.276005
m   1304   1303   2208      1     0.056137     1.000000    59.276005
m   1304   1303   2210      1     0.128887     1.605692    59.276005
m   1304   2208     10      1     0.037910     1.000000    59.276005
m   1304   2208   1303      1     0.577807     0.186535    59.276005
m   1304   2208   2210      1     0.577807     1.651636    59.276005
m   1304   2210     10      1     0.830745     0.011757    59.276005
m   1304   2210   1303      1     0.290849     0.451447    59.276005
m   1304   2210   2208      1     0.830745     0.536795    59.276005
m   1305   1306   2210      1     0.439720     1.975051   175.000000
m   1305   1306   2211      1     0.439720     0.801540   175.000000
m   1305   2210   1306      1     0.567635     1.465621   175.000000
m   1305   2210   2211      1     0.127913     0.392380   175.000000
m   1305   2211   1306      1     0.285599     1.000000   175.000000
m   1305   2211   2210      1     0.423937     1.000000   175.000000
m   1307      8   1308      1     0.290533     0.133073   174.771292
m   1307      8   2211      1     0.290533     0.3033202   174.771292
m   1307      8   4361      1     0.020181     0.763724   174.771292
m   1307   1308      8      1     0.097269     0.101815   174.771292
m   1307   1308   2211      1     0.143319     1.496031   174.771292
m   1307   1308   4361      1     0.143319     0.255393   174.771292
m   1307   2211      8      1     0.771584     0.104456   174.7712