EMME
1300 1819 .07 cbrqspk 114 2.0194 .13 31.93 216 0 216
1300 2215 .34 cbrqspk 102 3.0118 1.27 16.11 2784 0 2784
1300 4378 .09 cbrqspk 112 3.0118 .36 14.84 2917 0 2917
1301 2207 1.38 cbrqspk1903 1.0 10 5.18 15.99 892 0 892
1301 3148 .25 cbrqspk 103 1.0110 .51 29.14 256 0 256
1301 4348 .60 cbrqspk 103 1.0 10 2.97 12.11 1032 019032
1302 1303 .44 cbrqspk 103 1.0 10 .92 28.82 298 0 298
1302 3148 .26 cbrqspk1903 1.0190 .52 30.14 55 0 55
1303 1302 .44 cbrqspk 103 1.0190 .90 29.18 249 0 249
1303 1304 .46 cbrqspk1103 1.0110 .96 28.82 298 0 298
1304 1303 .46 cbrqspk 103 1.0190 .95 29.18 249 0 249
1304 2208 .73 cbrqspk1102 1.0110 1.82 24.08 607 0 607
1304 2210 .62 cbrqspk1102 2.0 14 1.20 31.09 498 0 498
1305 1306 .28 cbrqspk 102 2.0114 .72 23.23 1757 0 1757
1305 2210 .15 cbrqspk 102 2.0114 .35 26.02 1449 019449
1305 2211 .54 cbrqspk1904 1.0 10 1.54 21.08 721 0 721
1306 1305 .28 cbrqspk1102 2.0 14 .76 22.19 1860 0 1860
1306 4360 .37 cbrqspk1102 2.0114 .96 23.18 1762 0 1762
1307 1308 .24 cbrqspk 113 2.0194 .45 31.68 304 0 304
1307 2211 .30 cbrqspk 112 2.0194 .58 31.02 519 01519
1307 4361 .26 cbrqspk 112 2.0 14 .68 22.98 1782 011782
1308 1307 .24 cbrqspk1113 2.0114 .46 31.08 499 01499
1308 4378 .26 cbrqspk 113 2.0114 .49 31.62 324 0 324
1310 2384 .20 cbrqspk 262 3.0 19 .33 36.60 746 0 746
1310 3373 .10 cbrqspk1262 3.0119 .28 21.57 2183 0 2183
1311 2211 .40 cbrqspk 102 2.0114 .86 27.81 1205 0 1205
1311 3145 .31 cbrqspk1102 2.0194 .66 28.25 1136 0 1136
1311 3146 .13 cbrqspk 104 1.0190 .29 26.94 462 01462
1312 2211 .39 cbrqspk 114 2.0114 1.26 18.60 2192 0 2192
1312 2215 .64 cbrqspk 114 1.0110 1.37 28.09 375 0 375
1312 3120 .33 cbrqspk 114 2.0114 .65 30.51 665 0 665
1313 2214 .26 cbrqspk1112 3.0 18 .78 19.96 2394 0 2394
1313 2215 .42 cbrqspk 112 3.0 18 1.19 21.10 2278 0 2278
1314 1814 .27 cbrqspk1122 3.0 18 .65 24.85 1867 0 1867
1314 2216 .36 cbrqspk 122 3.0 18 .81 26.69 1625 0 1625
1315 1816 .39 cbrqspk 124 1.0110 2.04 11.49 1057 0 1057
1315 4403 .57 cbrqspk 104 1.0110 2.61 13.11 994 0 994
1316 1317 .43 cbrqspk1122 2.0114 .90 28.56 1084 0 1084
1316 1815 .14 cbrqspk1124 1.0110 .36 23.53 630 0 630
1316 2219 .37 cbrqspk1122 2.0114 .81 27.55 1244 0 12410 27 1316 .43 cbrqspk 122 2.0114 .88 29.43 918 0 