  1304     10   1303     10 
  1304     10   2208     13 
  1304     10   2210      3 
  1304   1303     13     15 
  1304   1303   2208     93 
  1304   1303   2213    194 
  1304   2208     13     39 
  1304   2208   1303     21 
  1304   2208   2210    306 
  1304   2210     13      3 
  1304   2210   1303    218 
  1304   2210   2208    517 
  1305   1306   2213   1251 
  1305   1306   2211    578 
  1305   2213   1306   1183 
  1305   2213   2211     96 
  1305   2211   1306    528 
  1305   2211   2213    221 
  1307      8   1308     39 
  1307      8   2211     43 
  1307      8   4361     48 
  1307   1308      8     19 
  1307   1308   2211    422 
  1307   1308   4361     57 
  1307   2211      8    133 
  1307   2211   1308    143 
  1307   2211   4361   1703 
  1307   4361      8    197 
  1307   4361   1308    131 
  1307   4361   2211     57 
  1311      9   2211    187 
  1311      9   3145    428 
  1311      9   3146    268 
  1311   2211      9    406 
  1311   2211   3145    604 
  1311   2211   3146    205 
  1311   3145      9     56 
  1311   3145   2211    697 
  1311   3145   3146      6 
  1311   3146      9     33 
  1311   3146   2211    322 
  1311   3146   3145     74 
  1312     18   2211    111 
  1312     18   2215     83 
  1312     18   3120     11 
  1312   2211     18     47 
  1312   2211   2215     46 
  1312   2211   3123    576 
  1312   2215     18     63 
  1312   2215   2211    306 
  1312   2215   3123     73 
  1312   3120     18      3 
  1312   3123   2  313764 
  1312   3123   2215    236 
  1316     31   1317     47 
  1316     31   1815     63 
  1316     31   2219     47 
  1316   1317   1815    173 
  1316   1317   2219    746 
  1316   1815     31    101 
  1316   1815   1317    1644813815   2219    4604812219   1317    8874812219   1815    416 
  1317   1316   1318    951 
  1317   1316   1329    109 
  1317   1316   1816     37 
  1317   1318   1316    777 
  1317   1318   1329    320 
  1317   1318   1816    206 
  1317   1329   1316     53 
  1317   1329   1318    415 
  1317   1329  13816    843 
  1317   1816   1316     874
  1317   1816   1318    133 
  1317   1816   1329  1 77