EMME
1300 1819 .07 cbrqspk 114 2.0194 .13 32.03 177 0 177
1300 2215 .34 cbrqspk 102 3.0118 1.42 14.36 2970 0 2970
1300 4378 .09 cbrqspk 112 3.0118 .40 13.35 3081 0 3081
1301 2207 1.38 cbrqspk 103 1.0 10 5.63 14.71 936 0 936
1301 3148 .25 cbrqspk 103 1.0110 .52 28.99 276 0 276
1301 4348 .60 cbrqspk 103 1.0110 3.18 11.33 1063 0 1063
1302 1303 .44 cbrqspk 103 1.0 10 .92 28.77 305 0 305
1302 3148 .26 cbrqspk 103 1.0 10 .52 30.22 35 0 35Ó14.7302 .44 cbrqspk 103 1.0 10 .90 29.18 250 0 250
1303 1304 .46 cbrqspk 103 1.0110 .96 28.77 305 0 305
1304 1303 .46 cbrqspk 103 1.0 10 .95 29.18 250 0 250
1304 2208 .73 cbrqspk 102 1.0110 1.76 24.91 571 0 571
1304 2210 .62 cbrqspk 102 2.0114 1.19 31.32 424 0 424
1305 1306 .28 cbrqspk 102 2.0114 .68 24.59 1615 0 1615
1305 2210 .15 cbrqspk 102 2.0 14 .34 26.20 1428 0 1428
1305 2211 .54 cbrqspk 104 1.0 10 1.65 19.65 770 0 770
1306 1305 .2819k 103 102 2.0194 .77 21.95 1883 0 1883
1306 4360 .3719kspk 102 2.0194 .91 24.52 1622 0 1622
1307 1308 .24 cbrk 103 113 2.0114 .46 31.62 325 0 325
1307 2211 .30 cbrqspk 112 2.0 14 .58 31.08 500 0 500
1307 4361 .26 cbrqspk 112 2.0114 .67 23.15 1766 0 1766
1308 1307 .24 cbrkspk 113 2.0114 .46 31.09 498 0 498
1308 4378 .2619kspk 113 2.0114 .49 31.57 341 0 341
1310 2384 .2019kspk 262 3.0119 .32 36.99 684 0 684
1310 3373 .10 cbrqspk 262 3.0 19 .28 21.24 2209 0 2209
1311 2211 .4019kspk 102 2.0194 .83 29.06 992 0 992
1311 3145 .3119kspk 102 2.0114 .66 28.27 1132 0 1132
1311 3146 .13 cbrqspk 104 1.0 10 .30 26.18 507 0 507
1312 2211 .39 cbrqspk 114 2.0114 1.28 18.2812221 0 2221
1312 2215 .64 cbrkspk 114 1.0 10 1.32 29.14 255 0 255
1312 31201.33 cbrqspk 114 2.0114 .67 29.73 853 0 853
1313 2214 .26 cbrk 103 112 3.0 18 .79 19.63 2428 0 2428
1313 2215 .4219kspk 112 3.0198 1.38 18.25 2566 0 2566
1314 1814 .27 cbrqspk 122 3.0 18 .67 24.25 1938 0 1938
1314 2216 .36 cbrqspk 122 3.0198 .78 27.6419480 0 1480
1315 1816 .39 cbrqspk 124 1.0 10 1.98 11.85 104210 1042
1315 4403 .57 cbrqspk 104 1.0 10 2.95 11.60 1052 0 1052
1316 1317 .43 cbrqspk 122 2.0114 1.05 24.51 1623 0 1623
1316 1815 .14 cbrqspk 124 1.0 10 .46 18.12 821 0 821
1316 2219 .371cbrqspk 122 2.0114 .77 28.94 1014 0 1014
1317 1316 .43 cbrk 103 122 2.0114 .94 27.3111280 0 1280
1317 1318 .371cbrqspk 152 2.0114 .93 23.79 1700 0 1700
1317 1329 .38 cbrqspk 124 1.0 10 2.66 8.58 1189 0 1189
1317 1816 .18 cbrqspk 124 1.0 10 1.08 9.96 1122 0 1122
1318 1317 .37 cbrqspk 152 2.0114 .82 27.05 1315 0 1315
1318 2272 .4119kspk 152 2.0 14 1.00 24.6819605 0 1605
1319 1365 .44 cbrkspk 154 1.0 10 .90 29.30 231 0 231
1319 2272 .28 cbrk 103 152 2.0194 .55 30.74 601 0 601
1319 3075 .23 cbrqspk 152 2.0114 .50 27.43 1263 0 1263
1320 2457 .0819kspk 14212.0114 .16 29.92 810 0 810
132013119 .08 cbrkspk 14212.0114 .17 28.17 1149 0 1149
1321 2212 .40 cbrqspk 112 2.0114 .78 30.58 646 0 646
1321 3115 .17 cbrk 103 14212.0 14 .32 31.47 374 0 374
1321 3422 .081cbrqspk 144 1.0 10 .17 28.23 363 0 363
1322 2213 .3319kspk 144 2.0 14 .64 30.91 553