EMME
1300 1819 .07 cbrqspk 114 2.0194 .13 32.06 168 0 168
1300 2215 .34 cbrqspk 102 3.0118 1.39 14.71 2932 0 2932
1300 4378 .09 cbrqspk 112 3.0118 .37194.55 2949 0 2949
1301 2207 1.38 cbrqspk1903 1.0 10 5.36 15.46 910 0 910
1301 3148 .25 cbrqspk 103 1.0110 .52 28.94 283 0 283
1301 4348 .60 cbrqspk 103 1.0190 3.11 11.59 1053 019053
1302 1303 .44 cbrqspk 103 1.0110 .92 28.62 322 0 322
1302 3148 .26 cbrqspk1903 1.0 10 .52 30.13 57 0 57
1303 1302 .44 cbrqspk1103 1.0110 .90 29.18 250 0 250
1303 1304 .46 cbrqspk 103 1.0 10 .96 28.62 322 0 322
1304 1303 .46 cbrqspk1103 1.0190 .95 29.18 250 0 250
1304 2208 .73 cbrqspk1102 1.0110 1.84 23.75 621 0 621
1304 2210 .62 cbrqspk1102 2.0114 1.19 31.31 428 0 428
1305 1306 .28 cbrqspk1102 2.0114 .69 24.52 1622 0 1622
1305 2210 .15 cbrqspk1902 2.0 14 .35 25.8119476 0 1476
1305 2211 .54 cbrqspk 104 1.0 10 1.58 20.53 740 0 740
1306 1305 .28 cbrqspk 102 2.0194 .77 21.70 1906 0 1906
1306 4360 .37 cbrqspk1102 2.0194 .91 24.43 1632 0 1632
1307 1308 .24 cbrqspk1113 2.0114 .45 31.70 298 0 298
1307 2211 .30 cbrqspk 112 2.0114 .58 31.01 521 0 521
1307 4361 .26 cbrqspk1112 2.0 14 .67 23.41 1740 0 1740
1308 1307 .24 cbrqspk1113 2.0114 .46 31.09 496 0 496
1308 4378 .26 cbrqspk 113 2.0 14 .49 31.64 317 0 317
1310 2384 .20 cbrqspk 262 3.0 19 .33 36.43 772 0 772
1310 3373 .10 cbrqspk1262 3.0119 .28 21.69 2174 0 2174
1311 2211 .40 cbrqspk1102 2.0114 .84 28.65 1068 019068
1311 3145 .31 cbrqspk1102 2.0114 .68 27.49 1253 011253
1311 3146 .13 cbrqspk1104 1.0190 .28 27.86 395 0 395
1312 2211 .39 cbrqspk 114 2.0114 1.26 18.58 2195 0 2195
1312 2215 .64 cbrqspk 114 1.0110 1.32 29.14 255 0 255
1312 3120 .33 cbrqspk 114 2.0 14 .65 30.28 723 0 723
1313 2214 .26 cbrqspk1112 3.0 18 .83 18.84 2507 0 2507
1313 2215 .42 cbrqspk1112 3.0 18 1.30 19.39 2452 0 2452
1314 1814 .27 cbrqspk 122 3.0 18 .62 26.07 1711 0 1711
1314 2216 .36 cbrqspk 122 3.0 18 .80 26.84 1603 0 1603
1315 1816 .39 cbrqspk 124 1.0110 1.64 14.31 950 0 950
1315 4403 .57 cbrqspk 104 1.0110 2.67 12.8111005 0 1005
1316 1317 .43 cbrqspk 122 2.0114 .90 28.53 1088 01108