  1304     10   1303      9 
  1304     10   2208     12 
  1304     10   2210      0 
  1304   1303     10     17 
  1304   1303   2208    118 
  1304   1303   2210    188 
  1304   2208     10     37 
  1304   2208   1303     48 
  1304   2208   2210    237 
  1304   2210     10      0 
  1304   2210   1303    193 
  1304   2210   2208    496 
  1305   1306   2210   1290 
  1305   1306   2211    573 
  1305   2210   1306   1158 
  1305   2210   2211    109 
  1305   2211   1306    465 
  1305   2211   2210    203 
  1307      8   1308     40 
  1307      8   2211     43 
  1307      8   4361     46 
  1307   1308      8     19 
  1307   1308   2211    412 
  1307   1308   4361     55 
  1307   2211      8     97 
  1307   2211   1308    143 
  1307   2211   4361   1667 
  1307   4361      8    204 
  1307   4361   1308    105 
  1307   4361   2211     56 
  1311      9   2211    207 
  1311      9   3145    438 
  1311      9   3146    223 
  1311   2211      9    412 
  1311   2211   3145    643 
  1311   2211   3146    162 
  1311   3145      9     33 
  1311   3145   2211    612 
  1311   3145   3146     11 
  1311   3146      9     26 
  1311   3146   2211    246 
  1311   3146   3145    105 
  1312     18   2211    123 
  1312     18   2215     70 
  1312     18   3120      7 
  1312   2211     18     57 
  1312   2211   2215     67 
  1312   2211   3120    562 
  1312   2215     18     56 
  1312   2215   2211    315 
  1312   2215   3120    153 
  1312   3120     18      0 
  1312   3120   2211   1784 
  1312   3120   2215    123 
  1316     31   1317     46 
  1316     31   1815     43 
  1316     31   2219     69 
  1316   1317   1815    186 
  1316   1317   2219    891 
  1316   1815     31    116 
  1316   1815   1317    127 
  1316   1815   2219    250 
  1316   2219   1317    918 
  1316   2219   1815    538 
  1317   1316   1318    811 
  1317   1316   1329    145 
  1317   1316   1816    135 
  1317   1318   1316    859 
  1317   1318   1329    328 
  1317   1318   1816    135 
  1317   1329   1316     37 
  1317   1329   1318    566 
  1317   1329   1816    785 
  1317   1816   1316    182 
  1317   1816   1318     74 
  1317   1816   1329    700 
  1318     37   1317     43 
  1318     37   2272      0 
  1318   1317     37     90 
  1318   1317   2272   1362 
  1318   2272     37      0 
  1318   2272   1317   1278 
  1319     36   1365      0 
  1319     36   2272    118 
  1319     36   3075     52 
  1319   1365     36      0 
  1319   1365   2272      0 
  1319   1365   3075    180 
  1319   2272     36    216 
  1319   2272   1365     21 
  1319   2272   3075   1078 
  1319   3075     36     15 
  1319   3075   1365     29 
  1319   3075   2272    719 
  1321     20   2212      5 
  1321     20   3115      0 
  1321     20   3422     33 
  1321   2212     20     23 
  1321   2212   3115    218 
  1321   2212   3422    163 
  1321   3115     20      0 
  1321   3115   2212    506 
  1321   3115   3422     55 
  1321   3422     20     71 
  1321   3422   2212    123 
  1321   3422   3115     10 
  1323    120   1550     25 
  1323    120   1939      0 
  1323    120   2340     47 
  1323   1550    120     41 
  1323   1550   1939    119 
  1323   1550   2340     19 
  1323   1939    120     10 
  1323   1939   1550     73 
  1323   1939   2340    472 
  1323   2340    120    164 
  1323   2340   1550    349 
  1323   2340   1939   1221 
  1324     20   3117      0 
  1324     20   3121      0 
  1324     20   3189      0 
  1324   3117     20      0 
  1324   3117   3121   1071 
  1324   3117   3189      8 
  1324   3121     20      0 
  1324   3121   3117   1269 
  1324   3121   3189      0 
  1324   3189     20      4 
  1324   3189   3117    520 
  1324   3189   3121     13 
  1328     32   1327     96 
  1328     32   1329      0 
  1328     32   3137     72 
  1328   1327     32    126 
  1328   1327   1329    904 
  1328   1327   3137      0 
  1328   1329     32      0 
  1328   1329   1327    566 
  1328   1329   3137     46 
  1328   3137     32    132 
  1328   3137   1327      8 
  1328   3137   1329    177 
  1329     32   1317     57 
  1329     32   1328      5 
  1329     32   1330      0 
  1329   1317     32    103 
  1329   1317   1328    568 
  1329   1317   1330    503 
  1329   1328     32      0 
  1329   1328   1317    934 
  1329   1328   1330    148 
  1329   1330     32      0 
  1329   1330   1317    397 
  1329   1330   1328     40 
  1334     20   2221      8 
  1334     20   2222      0 
  1334   2221     20      7 
  1334   2221   2222    155 
  1334   2222     20      0 
  1334   2222   2221   1091 
  1335   1338   3130    961 
  1335   1338   3136    143 
  1335   3130   1338   1187 
  1335   3130   3136    136 
  1335   3136   1338   1084 
  1335   3136   3130     70 
  1337      4   2218    195 
  1337      4   3128     27 
  1337      4   3133   1412 
  1337   2218      4     19 
  1337   2218   3128    266 
  1337   2218   3133    324 
  1337   3128      4      0 
  1337   3128   2218    206 
  1337   3128   3133    182 
  1337   3133      4     20 
  1337   3133   2218   1112 
  1337   3133   3128    324 
  1338     21   1335    122 
  1338     21   1350      2 
  1338     21   2230     54 
  1338   1335     21    231 
  1338   1335   1350    434 
  1338   1335   2230   1606 
  1338   1350     21      3 
  1338   1350   1335    236 
  1338   1350   2230    269 
  1338   2230     21     23 
  1338   2230   1335    745 
  1338   2230   1350    143 
  1339     24   1340    693 
  1339     24   2231      0 
  1339     24   2459    428 
  1339   1340     24    153 
  1339   1340   2231     70 
  1339   1340   2459    476 
  1339   2231     24      3531     1   1340    136 
  1339   2231   2459   1695 
  1339   2459     24     86 
  1339   2459   1340   1007 
  1339   24531     1   1506 
  1341   1342   1797     28 
  1341   1342   2240    294 
  1341   1342   3165     53 
  1341   1797   1342    725 
  1341   1797   2240    118 
  1341   1797   3165    342 
  1341   2240   1342     47 
  1341   2240   1797      2 
  1341   2240   3165    965 
  1341   3165   1342    226 
  1341   3165   1797    204 
  1341   3165   2240   1831 
  1342   1330   1341    281 
  1342   1330   1368    410 
  1342   1341   1330    362 
  1342   1341   1368    636 
  1342   1368   1330    124 
  1342   1368   1341     93 
  1344     11   1331     23 
  1344     11   1345     23 
  1344     11   1348     84 
  1344   1331     11     12 
  1344   131341345    588 
  1344   1331   1348     72 
  1344   1345     11     45 
  1344   1345   1331    567 
  1344   1345   1348     32 
  1344   1348     11     66 
  1344   1348   1331     16 
  1344   1348   1345    551 
  1347     14   1345     48 
  1347     14   1346      0 
  1347     14   1353     33 
  1347   1345     14     97 
  1347   1345   1346    300 
  1347   1345   1353    434 
  1347   1346     14      3 
  1347   1346   1345    128 
  1347   1346   1353      7 
  1347   1353     14     67 
  1347   1353   1345    164 
  1347   1353   1346    185 
  1349     16   2220      0 
  1349     16   3142      6 
  1349     16   3143     47 
  1349   2220     16     16 
  1349   2220   3142    104 
  1349   2220   3143    137 
  1349   3142     16     36 
  1349   3142   2220    873 
  1349   3142   3143     37 
  1349   3143     16     69 
  1349   3143   2220      1 
  1349   3143   3142    371 
  1350   1338   1355     87 
  1350   1338   2221     76 
  1350   1338   3140    416 
  1350   1355   1338    160 
  1350   1355   2221     25 
  1350   1355   3140     17 
  1350   2221   1338    151 
  1350   2221   1355    439 
  1350   2221   3140     57 
  1350   3140   1338    197 
  1350   3140   1355     62 
  1350   3140   2221    114 
  1354     13   2227      0 
  1354     13   3141      6 
  1354     13   3170     16 
  1354   2227     13      0 
  1354   2227   3141    132 
  1354   2227   3170   1495 
  1354   3141     13      9 
  1354   3141   2227    135 
  1354   3141   3170    496 
  1354   3170     13     69 
  1354   3170   2227    942 
  1354   3170   3141    311 
  1355     21   1350      4 
  1355     21   1357      2 
  1355     21   2230     15 
  1355   1350     21      8 
  1355   1350   1357    503 
  1355   1350   2230     77 
  1355   1357     21      1 
  1355   1357   1350    179 
  1355   1357   2230    124 
  1355   2230     21     62 
  1355   2230   1350     19 
  1355   2230   1357    226 
  1356     22   1360     48 
  1356     22   2229     39 
  1356     22   2230     46 
  1356   1360     22    183 
  1356   1360   2229    330 
  1356   1360   2230    339 
  1356   2229     22    125 
  1356   2229   1360     12 
  1356   2229   2230    578 
  1356   2230     22    14    22    2230   1360   1197 
  1356   2230   2229   1158 
  1357     21   1355      0 
  1357     21   1359     88 
  1357     21   2228     73 
  1357   1355     21      0 
  1357   1355   1359    619 
  1357   1355   2228    112 
  1357   1359     21    106 
  1357   1359   1355    220 
  1357   1359   2228    292 
  1357   2228     21     32 
  1357   2228   1355     83 
  1357   2228   1359     57 
  1358     16   2228      0 
  1358     16   2235     24 
  1358     16   3141      7 
  1358   2228     16      0 
  1358   2228   2235    469 
  1358   2228   3141    327 
  1358   2235     16     16 
  1358   2235   2228    204 
  1358   2235   3141    293 
  1358   3141     16      2 
  1358   3141   2228    338 
  1358   3141   2235     48 
  1359     15     22      5 
  1359     15   1357     11 
  1359     15   1386     16 
  1359     22     15      6 
  1359     22   1357     42 
  1359     22   1386     62 
  1359   1357     15     23 
  1359   1357     22     40 
  1359   1357   1386    701 
  1359   1386     15     40 
  1359   1386     22    131 
  1359   1386   1357    565 
  1360     23     24      5 
  1360     23   1356      7 
  1360     23   2232     71 
  1360     24     23     29 
  1360     24   1356    218 
  1360     24   2232    223 
  1360   1356     23    198 
  1360   1356     24      0 
  1360   1356   2232   1059 
  1360   2232     23    133 
  1360   2232     24     50 
  1360   2232   1356    626 
  1362     23   2232      4 
  1362     23   3595    314 
  1362   2232     23     18 
  1362   2232   3595   2119 
  1362   3595     23    200 
  1362   3595   2232   1684 
  1363     71   1364      3 
  1363     71   1797    146 
  1363     71   2240    139 
  1363   1364     71      9 
  1363   1364   1797    471 
  1363   1364   2240     26 
  1363   1797     71    195 
  1363   1797   1364    593 
  1363   1797   2240    274 
  1363   2240     71    149 
  1363   2240   1364      9 
  1363   2240   1797     44 
  1364     71   1363      0 
  1364     71   1391    175 
  1364     71   2199     23 
  1364   1363     71     19 
  1364   1363   1391    108 
  1364   1363   2199    475 
  1364   1391     71     87 
  1364   1391   1363     62 
  1364   1391   2199    362 
 1   244   2199     71      8 
  1364   2199   1363    444 
  1364   2199   1391    899 
  1366     74   1367     13 
  1366     74   1369      0 
  1366     74   3402    258 
  1366   1367     74     19 
  1366  1   247   1369     53 
  1366   1367   3402    249 
  1366   1369     74      9 
  1366   1369   1367    544 
  1366   1369   3402    179 
  1366  13402     74     24 
  1366   3402  1   247    136 
  1366   3402   1369    222 
  1368     73   1342    102 
  1368     73   1369     79 
  1368   1342     73    232 
  1368   1342   1369    814 
  1368   1369     73     67 
  1368   1369   1342    114 
  1369     74   1366      0 
  1369     74 3     67    72 
  1369     74 3 3290     48 
  1369   1366     74      2 
  1369   1366   1368     57 
  1369   1366   3290    214 
 1   249   1368     74    129 
  1369   1368   1366    398 
  1369 3     67  3290    366 
 1   249   3290     74     57 
  1369   3290   1366    334 
  1369   3290   1368     52 
  1370   1496   3150      1 
  1370   1496   3254    690 
  13