m   1304     10   1303      1     0.061603     0.410173    63.385924
m   1304     10   2208      1     0.061603     0.580009    63.385924
m   1304     10   2210      1     0.002454     0.009819    63.385924
m   1304   1303     10      1     0.149790     0.320625    63.385924
m   1304   1303   2208      1     0.090643     1.000000    63.385924
m   1304   1303   2210      1     0.149790     1.534281    63.385924
m   1304   2208     10      1     0.033695     1.000000    63.385924
m   1304   2208   1303      1     0.592260     0.480786    63.385924
m   1304   2208   2210      1     0.592260     1.438799    63.385924
m   1304   2210     10      1     0.814059     0.011757    63.385924
m   1304   2210   1303      1     0.255492     0.444383    63.385924
m   1304   2210   2208      1     0.814059     0.543862    63.385924
m   1305   1306   2210      1     0.483510     1.974040   121.245506
m   1305   1306   2211      1     0.483510     0.789032   121.245506
m   1305   2210   1306      1     0.629354     1.468757   121.245506
m   1305   2210   2211      1     0.145844     0.393756   121.245506
m   1305   2211   1306      1     0.210003     1.000000   121.245506
m   1305   2211   2210      1     0.362220     1.000000   121.245506
m   1307      8   1308      1     0.285106     0.129409   174.771292
m   1307      8   2211      1     0.285106     0.079342   174.771292
m   1307      8   4361      1     0.018286     0.791247   174.771292
m   1307   1308      8      1     0.099424     0.092165   174.771292
m   1307   1308