  1304     10   1303      8 
  1304     10   2208     10 
  1304     10   2210      0 
  1304   1303     10     15 
  1304   1303   2208    122 
  1304   1303   2210    171 
  1304   2208     10     33 
  1304   2208   1303     62 
  1304   2208   2210    289 
  1304   2210     10      0 
  1304   2210   1303    201 
  1304   2210   2208    525 
  1305   1306   2210   1223 
ﺕ  1306 1306   2211    599 
  130  1306 2210   1306   1185 
ﺕ    2210   2211    104 
  130    2211   1306    384 
  130    2211   2210    244 
  1307      8   1308     45 
ﺕ 1307      8   2211     30 
  1307      8   4361     47 
  1307   1308      8     21 
  1307   1308   2211    513 
  1307   1308   4361     65 
ﺕ 1307   2211      8    112 
  1307   2211   1308    129 
  1307   2211   4361   1800 
  1307   4361      8    180 
  1307   4361   1308    177 
  1307   4361   2211     49 
  1311      9   2211    194 
  1311      9   3145    510 
  1311      9   3146    223 
  1311   2211      9    370 
  1311   2211   314  1306  595 
ﺕ 1311   2211   3146    223 
ﺕ 1311   314  1306    9     53 
ﺕ 1311   314    2211    602 
  131   1306      3146     11 
  1311   3146      9     12 
  131  46   2211    187 
  1311   3146   314      81 
  1312     18   2211    164 
  1312     18   221  1306   64 
  1312     18   3120     32 
  1312   2211     18     45 
  1312   2211   221      60 
  1312   2211   3120    498 
  1312   221      18     65 
ﺕ 1312   221  1306 2211    262 
  1312   221    3120    347 
  1312   3120     18      0 
  1312   3120   28513756 
  1312   3120   221  1306  176 
  1316     31   1317     49 
  1316     31   1815     48 
  1316     31   2219     57 
  1316   1317   181  1306  261 
  1316   1317   2219   1099 
  1316   181      31    121 
  1316   1815   1317    133 
ﺕ 1316   181  1306 2219     88 
  1316   2219   1317   1489 
  1316   2219   1815    393 
ﺕ 1317   1316   1318   1210 
  1317   1316   1329    202 
  1317   1316   1816    259 
  1317   1318   1316    937 
  1317   1318   1329    288 
  1317   1318   1816     87 
  1317   1329   1316    124 
  1317   1329   1318    325 
  1317   1329   1816    814 
  1317   1816   1316    299 
  1317   1816   1318     50 
  1317   1816   1329    688 
  1318     37   1317     44 
  1318     37   2272      0 
  1318   1317     37     91 
  1318   1317   2272   1494 
  1318   2272     37      0 
  1318   2272   1317   1267 
  1319     36   1365      0 
  1319     36   2272    109 
  1319     36   3075     45 
ﺕ 1319   1365     36      0 
  1319   136  1306 2272      0 
  1319   136  1306 3075    285 
  1319   2272     36    203 
  1319   2272   136  1306   60 
  1319   2273875   1306 1100 
  1319   375       32278 
  1319   375     1365     32 
  1319   3075   2272    726 
  1321     20   2212      6 
  1321     20   311  1306    0 
  1321     20   3422     28 
  1321   2212     20     31 
  1321   2212   311  1306  299 
  1321   2212   3422    199 
  1321   311      20      0 
  1321   3115   2212    462 
  1321   311    3422     42 
  1321   3422     20     67 
  1321   3422   2212    131 
  1321   3422   3115     21 
  1323    120   1550     31 
  1323    120   1939      4 
  1323    120   2340     45 
  1323   1550    120     62 
  1323   1550   19 930 8 
  1323   1550   2340     46 
  1323   1939    120     11 
  1323   19 93  1550