m   1304     10   1303      1     0.080451     0.382828    54.506149
m   1304     303   2208      1     0.080451     0.607353    54.506149
m   1304     303   22303      3     0.002454     0.009819    54.506149
m   1304   1303     10      3     0.138393     0.270558    54.506149
m   1304   1303   2208      3     0.060400     3.000000    54.506149
m   1304   1303   22303      1     0.138393     1.575249    54.506149
m   1304   2208     10      1     0.035466     3.000000    54.506149
m   1304   2208   1303      1     0.566556     0.454153    54.506149
m   1304   2208   2230      3     0.566556     3.459501    54.506149
m   1304   22303     10      1     0.823686     0.011757    54.506149
m   1304   2230   1303      1     0.292598     0.466938    54.506149
m   1304   2230   2208      1     0.823686     0.521306    54.506149
m   1305   1306   2230      1     0.473734     2.002809   139.182866
m   1305   1306   2231      1     0.473734     0.756476   139.182866
m   1305   2230   1306      1     0.617745     3.440235   139.182866
m   1305   22303   2231      1     0.1440303     0.430171   139.182866
m   1305   2231   1306      3     0.236153     1.000000   139.182866
m   1305   2231   2230      3     0.373828     3.000000   139.182866
m   1307      8   1308      1     0.287120     0.131160   174.771292
m   1307      8   2231      3     0.287120     0.092440   174.771292
m   1307      8   4361      1     0.020510     0.776399   174.771292
m   1307   1308      8      1     0.100001     0.096672   174.771292
m   1307   1308   2231      1     0.148530     1.463484   174.771292
m   1307   1308   4361      1     0.148530     0.311028   174.771292
m   1307   2231      8      1     0.767834     0.106622   174.771292
m   1307   2231   1308      1     0.501223     0.157818   174.771292
m   1307   2231   4361      1     0.767834     3.580369   174.771292
m   1307   4361      8      3     0.111656     0.986760   174.771292
m   1307   4361   1308      3     0.111656     0.596698   174.771292
m   1307   4361   2231      1     0.063127     0.416543   174.771292
m   1311      9   2231      1     0.250559     0.419681   175.000000
m   1311      9   3145      3     0.663255     0.382966   175.000000
m   1311      9   3146      1     0.663255     0.197353   175.000000
m   1311   2231      9      1     0.302648     0.829548   175.000000
m   1311   2231   3145      1     0.302648     3.170452   175.000000
m   1311   2231   3146      1     0.138448     1.000000   175.000000
m   1311   3145      9      1     0.020946     3.000000   175.000000
m   1311   3145   2231      3     0.185146     3.787689   175.000000
m   1311   3145   3146      1     0.185146     0.036875   175.000000
m   1311   3146      9      1     0.425848     0.231332   175.000000
m   1311   3146   2211      1     0.425848     3.605399   175.000000
m   1311   3146   3145      3     0.013151     1.000000   175.000000
m   1312     18   2231      3     0.118704     0.556381   174.799998
m   1312     38   2215      1     0.118704     0.292847   174.799998
m   1312     38   3120      1     0.068340     0.150771   174.799997   1m   1312   2231     18      3     0.074031     0.411233   174.799997
m   1312   2211   2235      1     0.544629     0.038487   174.799997   1m   1312   2231   3120      1     0.544629     0.550282   174.799997
m   1312   2235     18      3     0.247167     0.596091   174.799997
m   1312   2235   2231      1     0.196805     1.000000   174.799998
m   1312   2235   3120      1     0.247167     3.380961   174.799997
m   1312   3120     38      1     0.610482     0.033333   174.799998
m   1312   3120   2231      1     0.610482     1.790909   174.799997
m   1312   3120   2235      1     0.139863     1.000000   174.799997
m   1316     31   1317      1     0.070430     0.458273   166.768652
m   1316     31   1815      1     0.141274     0.252712   166.768652
m   1316     31   2239      1     0.141274     0.289015   166.768652
m   1316   1317     31      0     0.748096     0.000001   166.768652
m   1316   1317   1815      3     0.166576     3.000000  