EMME
1300 1819 .07 cbrqspk 114 2.0194 .13 31.87 237 0 237
1300 2215 .34 cbrqspk 102 3.0118 1.37194.88 2913 0 2913
1300 4378 .09 cbrqspk 112 3.0118 .40 13.62 3051 0 3051
1301 2207 1.38 cbrqspk 103 1.0 10 5.65 14.66 938 0 938
1301 3148 .25 cbrqspk 103 1.0 10 .52 28.95 282 0 282
1301 4348 .60 cbrqspk 103 1.0 10 2.85 12.63 1012 0 1012
1302 1303 .44 cbrqspk 103 1.0110 .92 28.74 309 0 309
1302 3148 .26 cbrqspk 103 1.0 10 .52 30.08 70 0 70
1303 1302 .44 cbrqspk 103 1.0 10 .91 29.12 258 0 258
1303 1304 .46 cbrqspk 103 1.0 10 .96 28.74 309 0 309
1304 1303 .46 cbrqspk 103 1.0 10 .95 29.12 258 0 258
1304 2208 .73 cbrqspk 102 1.0110 1.73 25.39 548 0 548
1304 2210 .62 cbrqspk 102 2.0 14 1.19 31.32 423 0 423
1305 1306 .28 cbrqspk 102 2.0114 .68 24.8819583 0 1583
1305 2210 .15 cbrqspk 102 2.0 14 .35 25.95 1459 0 1459
1305 2211 .54 cbrqspk 104 1.0 10 1.53 21.11 720 0 720
1306 1305 .28 cbrqspk 102 2.0194 .76 22.15 1863 0 1863
1306 4360 .37 cbrqspk 102 2.0114 .90 24.79 1593 0 1593
1307 1308 .24 cbrqspk 113 2.0 14 .45 31.66 310 0 310
1307 2211 .30 cbrqspk 112 2.0114 .58 30.85 569 0 569
1307 4361 .26 cbrqspk 112 2.0114 .67 23.21 1760 0 1760
1308 1307 .24 cbrqspk 113 2.0114 .47 30.89 557 0 557
1308 4378 .26 cbrqspk 113 2.0 14 .49 31.60 330 0 330
1310 2384 .20 cbrqspk 262 3.0119 .32 37.43 610 0 610
1310 3373 .10 cbrqspk 262 3.0 19 .28 21.21 2211 0 2211
1311 2211 .40 cbrqspk 102 2.0194 .83 28.90 1022 0 1022
1311 3145 .31 cbrqspk 102 2.0114 .66 28.19 1145 0 1145
1311 3146 .13 cbrqspk 104 1.0 10 .29 27.30 438 0 438
1312 2211 .39 cbrqspk 114 2.0194 1.22 19.17 2141 0 2141
1312 2215 .64 cbrqspk 114 1.0 10 1.35 28.47 338 0 338
1312 3120 .33 cbrqspk 114 2.0114 .65 30.37 700 0 700
1313 2214 .26 cbrqspk 112 3.0198 .83 18.90 2501 0 2501
1313 2215 .42 cbrqspk 112 3.0118 1.30 19.42 2449 0 2449
1314 1814 .27 cbrqspk 122 3.0 18 .64 25.2919813 019813
1314 2216 .36 cbrqspk 122 3.0118 .74 29.22 1183 0 1183
1315 1816 .39 cbrqspk 124 1.0 10 2.10 11.12 1072 0 1072
1315 4403 .57 cbrqspk 104 1.0 10 3.38 10.11 1115 0 1115
1316 1317 .43 cbrqspk 122 2.0114 1.03 24.97 1573 0 1573
131619815 .14 cbrqspk 124 1.0 10 .44 19.05 790 0 790
131612219 .371cbrqspk 122 2.0114 .78 28.34 1121 0 1121
1317 1316 .43 cbrqspk 122 2.0114 .95 27.03 1318 0 1318
1317 1318 .371cbrqspk 152 2.0114 .87 25.58 1503 0 1503
1317 13291.38 cbrqspk 124 1.0110 3.09 7.38 1256 0 1256
1317 1816 .18 cbrqspk 124 1.0 10 1.31 8.25 1206 0 1206
1318 1317 .37 cbrqspk 152 2.0114 .83 26.64 1371 0 1371
1318 2272 .41 cbrqspk 152 2.0114 .93 26.34 1410 0 1410
1319 1365 .44 cbrqspk1954 1.0 10 .89 29.701957 0 157
1319 2272 .28 cbrqspk 152 2.0114 .56 30.10 768 0 768
1319 3075 .23 cbrqspk 152 2.0 14 .50 27.53 1247 0 1247
1320 2457 .08 cbrqspk 142 2.0114 .15 31.32 424 0 424
1320 3119 .08 cbrqspk 142 2.0114 .17 27.74 1216 0 1216
1321 2212 .40 cbrqspk 112 2.0114 .78 30.701611 0 611
1321 3115 .17 cbrqspk 142 2.0 14 .32 31.82 255 0 255
1321 3422 .08 cbrqspk 144 1.0 10 .16 29.27 235 0 235
1322 2213 .33 cbrqspk 144 2.0 14 .64 31.09 498 0 498
1322 3120 .09 cbrqspk 114 2.0114 .24 22.97 1783 0 1783
1322 3422 .09 cbrqspk 144 2.0114 .17 31.88 232 0 232
1323 1550 .60 cbrqspk 324 1.0 11 .98 36.89 248 0 248
1323 1939 .66 cbrqspk 323 1.0 11 3.00 13.22 1431 0 1431
1323 2340 .36 cbrqspk 323 1.0 11 .62 34.82 523 0 523
1324 3117 .12 cbrqspk 143 2.0114 .26 27.58 1239 0 1