  1304     10   1303      8 
  1304     10   2208     12 
  1304     10   2210      0 
  1304   1303     10     17 
  1304   1303   2208     89 
  1304   1303   2210    202 
  1304   2208     10     33 
  1304   2208   1303     41 
  1304   2208   2210    212 
  1304   2210     10      0 
  1304   2210   1303    210 
  1304   2210   2208    464 
  1305   1306   2210   1223 
ﭦ   1306  1306   2211    616 
  130   1306  2210   1306   1096 
ﭦ    2210   2211    115 
  130    2211   1306    482 
ﭦ    2211   2210    204 
  1307      8   1308     40 
  1307      8   2211     35 
  1307      8   4361     50 
  1307   1308      8     19 
  1307   1308   2211    415 
  1307   1308   4361     67 
  1307   2211      8    101 
  1307   2211   1308    156 
ﭦ 1307   2211   4361   1672 
ﭦ 1307   4361      8    204 
  1307   4361   1308    127 
  1307   4361   2211     62 
ﭦ 1311      9   2211    215 
  1311      9   314   1306   455 
  1311      9   3146    233 
ﭦ 1311   2211      9    394 
  1311   2211   314   1306   605 
  1311   2211   3146    188 
  1311   314       9     28 
  1311   314   1306  2211    529 
  1311   314    3146      2 
ﭦ 1311   3146      9     37 
  1311   3146   2211    266 
ﭦ 1311   3146   314      35 
  1312     18   22891321 
  1312     18   228   1306    45 
  1312     18   3120     14 
  1312   2211     18     60 
  1312   2211   221   1306    29 
  1312   2211   3120    567 
  1312   221   1306    18     54 
  1312   221   1306  2211    269 
  1312   221    3120    126 
ﭦ 1312   3120     18      0 
  1312   3120   2211   1814 
  1312   3120   221   1306   247 
  1316     31   1317     58 
  1316     31   1815     40 
  1316     31   2219     59 
  1316   1317   181   1306   308 
  1316   1317   2219    985 
  1316   1815     31    108 
  1316   181   1306  1317     29 
  1316   181    2219     46 
  1316   2219   1317   1499 
  1316   2219   181     468 
  1317   1316   1318   1165 
  1317   1316   1329    210 
  1317   1316   1816    211 
  1317   1318   1316    963 
ﭦ 1317   1318   1329    318 
  1317   1318   1816    112 
  1317   1329   1316    138 
  1317   1329   1318    263 
  1317   1329   1816    859 
  1317   1816   1316    192 
ﭦ 1317   1816   1318     99 
  1317   1816   1329    764 
  1318     37   1317     48 
  1318     37   2272      0 
  1318   1317     37     92 
ﭦ 1318   1317   2272   1436 
  1318   2272     37      0 
  1318   2272   1317   134  
  1319     36   1365      0 
  1319     36   2272    109 
  1319     36   307   1306    40 
  1319   136   1306    36      0 
  1319   1365   2272      0 
  1319   136   1306  307   1306   162 
ﭦ 1319   2272     36    196 
  1319   2272   136     149 
  1319   2272   307    1065 
  1319   307      36     35 
  1319   307   1306  136      13 
ﭦ 1319   307    2272    678 
  1321     20   2212      6 
ﭦ 1321     20   3115      0 
  1321     20   3422     35 
  1321   2212     20     27 
  1321   2212   311   1306   256 
  1321   2212   3422    140 
  1321   311   1306    20      0 
  1321   3115   2212    439 
  1321   311    3422     69 
  1321   3422     20     70 
  1321   3422   2212    163 
  1321   3422   3115      3 
  1323    120   1550     27 
  1323    120   1939      0 
  1323    120   2340     49 
  1323   1550    120     45 
  1323   1550   1939     81 
  1323   1550   2340     39 
  1323   1939    120      6 
ﭦ 1323   1939   1550     37 
  1323   1939   2340    434 
  1323   2340    120    163 
  1323   2340   1550    184 
  1323   236    113939   1297 
  1324     20   3117      0 
  1324     20   3121      0 
  1324     20   3189      0 
  1324   3117     20      4 
  1324   3117   3121    895 
  1324   3117   3189      3 
ﭦ 1324   3121     20      0 
  1324   3121   3117   1063 
  1324   3121   3189      0 
  1324   3189     20      5 
  1324   3189   3117    187 
  1324   3189   3121      2 
  1328     32   1327     92 
ﭦ 1328     32   1329      0 
  1328     32   3137     49 
  1328   1327     32    125 
  1328   1327   1329    931 
  1328   1327   3137      0 
  1328   1329     32      0 
  1328   1329   1327    610 
  1328   1329   3137     39 
  1328   3137     32     97 
  1328   3137   1327     29 
  1328   3137   1329     79 
  1329     32   1317     65 
  1329     32   1328     16 
ﭦ 1329     32   1330      0 
  1329   1317     32    101 
  1329   1317   1328    613 
ﭦ 1329   1317   1330    578 
  1329   1328     32      0 
  1329   1328   1317    900 
  1329   1328   1330    110 
  1329   1330     32      0 
  1329   1330   1317    296 
  1329   1330   1328     20 
  1334     20   2221      9 
  1334     20   2222      0 
  1334   2221     20      8 
  1334   2221   2222    148 
  1334   2222     20      0 
  1334   2222   2221    966 
ﭦ 1335   1338   3130   1044 
  1335   1338   3136     82 
  133   1306  3130   1338   1503 
ﭦ 1335   3130   3136     73 
ﭦ 133   1306  3136   1338   1051 
  133   1306  3136   3130     41 
  1337      4   2218    174 
  1337      4   3128     19 
  1337      4   3133   1121 
  1337   2218      4     43 
  1337   2218   3128     94 
  1337   2218   3133    47  
  1337   3128      4      0 
  1337   3128   2218    422 
  1337   3128   3133     71 
  1337   3133      4     33 
  1337   3133   2218   1341 
  1337   3133   3128    230 
  1338     21   133   1306   129 
  1338     21   1350      0 
  1338     21   2230     58 
  1338   1335     21    225 
  1338   133   1306  1350    359 
  1338   133   1306  2230   1971 
  1338   1350     21     17  50     0   1335    138 
  1338   1350   2230    152 
ﭦ 1338   2230     21     31 
  1338   2230   133   1306   860 
  1338   2230   1350    115 
  1339     24   136    11 486 
  1339     24   2231      3 
  1339     24   24 9    408 
  1339   136    11  24    160 
  1339   1360   2231    230 
  1339   136    112459    342 
  1339   2231     24      0 
  1339   2231   136    11 531 
  1339   2231   24 9   17 7 
  1339   2459     24     87 
  1339   24 9   136    11 911 
  1339   2459   2231    977 
  1341   1362   1797     34 
  1341   1342   226    11 346 
ﭦ 1341   1362   3165     43 
  1341   1797   1362    501 
  1341   1797   2260     94 
  1341   1797   3165    572 
  1341   226    111362     59 
  1341   2240   1797     57 
  1341   226    11316   1306   956 
  1341   3165   1362    301 
  1341   316   1306  1797    215 
  1341   316    2260   2036 
  1342   1330   1341    343 
ﭦ 1342   1330   1368    383 
ﭦ 1342   1341   1330    251 
  1342   1341   1368    610 
  1342   1368   1330    126 
ﭦ 1342   1368   1341     79 
  1344     11   1331     24 
  1344     11   136   1306    21 
  1344     11   1368     74 
  1344   1331     891 18 
  1344   1331   136     542 
  1344   1331   1368     71 
  1344   136   1306    11     36 
  1364   136   1306  1331    516 
  1344   136   1306  1348     32 
  1344   1348     11     61 
  1344   1368   1331     87 
  1344   1348   134   1306   601 
  1347     14   136      49 
  1347     14   1346      0 
  1347     14   1353     34 
  1347   134   1306    14     99 
  1347   134    1366    432 
ﭦ 1347   136    1353    456 
  1367   1346     14      0 
  1367   1366   136     149 
  1347   1366   1353      3 
  1347   1353     14     82 
ﭦ 1347   1353   134   1306   197 
  1347   1353   1366    109 
  1349     16   2220      0 
  1349     16   3142      6 
ﭦ 1349     16   3143     55 
  1349   2220     16      2 
  1349   2220   3142    176 
  1349   2220   3143     28 
  1349   3142     16     39 
  1349   3142   2220    867 
  1349   3142   3143    1   30
  1349   3143     16     69 
  1349   3143   2220      1 
  1349   3143   3142    339 
  1350   1338   135   1306    42 
ﭦ 1350   1338   2221     18 
  1350   1338   316    11 413 
ﭦ 1350   1355   1338     72 
  1350   1355   2221    179 
  1350   135   1306  316    11   8 
  1350   2221   1338    139 
  1350   2221   135   1306   390 
  1350   2221   316    11  96 
  1350   3140   1338     89 
  1350   3140   135   1306    23 
ﭦ 1350   316    112221    118 
  1354     13   2227      0 
  1354     13   3141      6 
ﭦ 1354     13   3170     17 
  1354   2227     13      0 
  1354   2227   3141    110 
  1354    
  13447   3170   1262 
  1354   3141     13      7 
  1354   3141   2227    187 
  1354   3141   3170    479 
  1354   3170     13     69 
  1354   3170   2227    771 
  1354   3170   3161    266 
  135   1306    21   1350      5 
  1355     21   1357      9 
  135   1306    21   2230      4 
  135    1350     21      6 
  135    1350   1357    384 
  1355   1350   2230     64 
  135   1306  1357     21      0 
  135    1357   1350    104 
  135   1306  1357   2230    304 
  135   1306  2230     21     53 
  135    2230   1350    151 
  1355   2230   1357    353 
ﭦ 1356     22   1360     34 
  1356     22   2229     39 
  1356     22   2230     56 
ﭦ 1356   1360     22    189 
  1356   1360   2229    283 
ﭦ 1356   1360   2230    313 
  1356   2229     22    129 
  1356   2229   1360     30 
  1356   2229   2230    490 
  1356   2230     22    144 
  1356   2230   1360    996 
ﭦ 1356   2230   2229   1196 
ﭦ 1357     21   135       0 
  1357     21   1359     90 
  1357     21   2228     57 
  1357   135   1306    21      1 
  1357   135    1359    665 
  1357   135    2228     81 
  1357   1359     21    1 0 
  1357   1359   1355    310 
  1357   1359   2228    130 
  1357   2228     21     46 
ﭦ 1357   2228   135      98 
  1357   2228   1359     53 
ﭦ 1358     16   2228      0 
  1358     16   223   1306    20 
  1358     16   3141     11 
  1358   2228     16      2 
  1358   2228   223     495 
  1358   2228   3141    117 
  1358   2235     16      9 
  1358   223   1306  2228    173 
ﭦ 1358   223   1306  3161    531 
  1358   3161     86      3 
ﭦ 1358   3141   2228    224 
  1358   3161   223      92 
ﭦ 1359     1   1306    22      4 
  1359     1    1357      9 
  1359     1    1386     16 
ﭦ 1359     22     15      5 
  1359     22   1357     32 
  1359     22   1386     66 
  1359   1357     1   1306    20 
  1359   1357     22     24 
  1359   1357   1386    763 
ﭦ 1359   1386     15     40 
  1359   1386     22    130 
  1359   1386   1357    509 
  1360     23     24      5 
  1360     23   1356      8 
  1360     23   2232     49 
  1360     24     23     30 
  1360     24   1356    229 
  1360     24   2232    227 
  1360   1356     23    100 
  1360   1356     24      0 
  1360   1356   2232    960 
  1360   2232     23    159 
  1360   2232     24    105 
  1360   2232   1356    547 
  1362     23   2232      2 
ﭦ 1362     23   359   1306   322 
  1362   2232     23     14 
  1362   2232   359    1970 
  1362   3595     23    196 
  1362   3595   2232   1924 
  1363     71   1364      0 
  1363     71   1797    163 
ﭦ 1363     71   226    11 109 
  1363   1364     71      0 
  1363   1364   1797    482 
ﭦ 1363   1364   226    11  22 
  1363   1797     71    141 
  1363   1797   1364    535 
  1363   1797   2260    186 
  1363   2260     71    164 
  1363   2260   1364     84 
  1363   2260   1797     45 
  1364     71   1363      0 
  1364     71   1391    173 
  1364     71   2199     21 
  1364   1363     71     89 
  1364   1363   1391    219 
  1364   1363   2199    382 
ﭦ 1364   1391     71    101 
  1364   1391   1363     67 
  1364   1391   2199    461 
  1364   2199     71     11 
  1364   2199   1363    437 
  1364   2199   1391    763 
  1366     74   1367     12 
ﭦ 1366     74   1369      0 
  1366     74   3402    269 
  1366   1367     74     21 
  1366   1367   1369     47 
  1366   1367   3402    188 
  1366   1369     74      8 
  1366   1369   1367    519 
  1366   1369   3402    200 
  1366   3402     74     25 
  1366   3402   1367    186 
ﭦ 1366   3402   1369    203 
  1368     73   1342     87 
  1368     73   1369     81 
  1368   1342     73    232 